4 0.671875 0.620833 0.081250 0.125000
4 0.885938 0.632292 0.228125 0.231250
0 0.479687 0.612500 0.018750 0.054167
0 0.553906 0.623958 0.014063 0.035417
0 0.618750 0.642708 0.018750 0.072917
0 0.760938 0.652083 0.015625 0.087500
0 0.778125 0.655208 0.021875 0.093750
0 0.597656 0.639583 0.017188 0.050000
0 0.592187 0.632292 0.009375 0.035417
0 0.572656 0.628125 0.010937 0.035417
0 0.610938 0.633333 0.012500 0.041667
0 0.725000 0.659375 0.040625 0.135417
0 0.417969 0.616667 0.017188 0.070833
0 0.543750 0.634375 0.015625 0.043750
0 0.632812 0.636458 0.006250 0.035417
0 0.318750 0.641667 0.634375 0.137500
