1 0.423438 0.387097 0.053125 0.129032
2 0.342187 0.353763 0.087500 0.118280
2 0.390625 0.295699 0.034375 0.027957
2 0.028906 0.326882 0.057813 0.098925
0 0.706250 0.432258 0.134375 0.473118
0 0.591406 0.336559 0.054688 0.225806
0 0.219531 0.501075 0.220312 0.941935
0 0.102344 0.415054 0.098437 0.597849
0 0.439063 0.359140 0.046875 0.189247
0 0.623437 0.333333 0.021875 0.141935
0 0.573438 0.334409 0.025000 0.161290
0 0.550781 0.300000 0.032813 0.079570
2 0.388281 0.349462 0.045312 0.092473
1 0.463281 0.343011 0.017188 0.088172
