4 0.558594 0.689583 0.070312 0.037500
0 0.281250 0.701042 0.006250 0.018750
0 0.274219 0.709375 0.007812 0.027083
0 0.257812 0.702083 0.009375 0.016667
0 0.243750 0.713542 0.009375 0.027083
0 0.250781 0.704167 0.004687 0.016667
0 0.744531 0.692708 0.007812 0.035417
0 0.616406 0.669792 0.007812 0.022917
0 0.230469 0.710417 0.007812 0.037500
0 0.267969 0.701042 0.004687 0.014583
0 0.557031 0.667708 0.007812 0.018750
0 0.736719 0.692708 0.007812 0.035417
0 0.271875 0.704167 0.003125 0.012500
0 0.264062 0.709375 0.006250 0.027083
