4 0.121094 0.704167 0.182812 0.125000
2 0.529687 0.654167 0.068750 0.066667
2 0.910937 0.712500 0.050000 0.066667
2 0.360938 0.627083 0.071875 0.058333
2 0.823438 0.702083 0.059375 0.066667
2 0.716406 0.672917 0.076563 0.087500
2 0.633594 0.675000 0.079687 0.062500
2 0.143750 0.591667 0.078125 0.066667
2 0.287500 0.617708 0.078125 0.056250
2 0.408594 0.600000 0.064062 0.058333
4 0.246094 0.213542 0.073438 0.027083
2 0.090625 0.538542 0.065625 0.031250
2 0.272656 0.570833 0.073438 0.058333
5 0.199219 0.603125 0.089063 0.064583
5 0.757812 0.540625 0.046875 0.056250
5 0.312500 0.438542 0.050000 0.031250
5 0.834375 0.490625 0.037500 0.043750
5 0.450781 0.641667 0.085938 0.075000
2 0.509375 0.445833 0.881250 0.466667
