6 0.099219 0.560000 0.198437 0.621176
6 0.467969 0.561176 0.660937 0.661176
0 0.531250 0.610588 0.078125 0.407059
0 0.926562 0.664706 0.146875 0.642353
0 0.682813 0.521176 0.043750 0.185882
0 0.725000 0.504706 0.031250 0.195294
0 0.792188 0.529412 0.056250 0.211765
0 0.813281 0.503529 0.026562 0.155294
0 0.839844 0.528235 0.035937 0.171765
0 0.869531 0.483529 0.020313 0.077647
0 0.907031 0.444706 0.017188 0.042353
0 0.883594 0.511765 0.045312 0.091765
0 0.742188 0.534118 0.046875 0.207059
0 0.828906 0.492941 0.023438 0.096471
