2 0.034375 0.679167 0.068750 0.104167
4 0.506250 0.515625 0.678125 0.731250
0 0.551562 0.348958 0.031250 0.047917
0 0.491406 0.327083 0.067187 0.062500
0 0.585938 0.358333 0.031250 0.054167
0 0.706250 0.402083 0.034375 0.050000
0 0.770312 0.426042 0.037500 0.047917
0 0.252344 0.348958 0.023438 0.027083
0 0.353125 0.271875 0.081250 0.147917
0 0.739062 0.413542 0.018750 0.043750
4 0.867969 0.605208 0.064062 0.231250
0 0.619531 0.360417 0.020313 0.045833
0 0.675000 0.392708 0.031250 0.052083
0 0.805469 0.434375 0.026562 0.052083
0 0.645312 0.379167 0.068750 0.066667
