0 0.588542 0.734375 0.147917 0.412500
0 0.079167 0.731250 0.150000 0.350000
1 0.669792 0.689844 0.064583 0.045312
0 0.858333 0.666406 0.045833 0.067187
0 0.919792 0.668750 0.035417 0.065625
0 0.215625 0.710156 0.077083 0.164062
0 0.398958 0.695312 0.039583 0.068750
0 0.286458 0.701562 0.093750 0.125000
0 0.336458 0.686719 0.035417 0.079687
0 0.723958 0.671875 0.014583 0.021875
0 0.811458 0.674219 0.014583 0.023438
0 0.979167 0.661719 0.029167 0.070312
0 0.440625 0.692187 0.052083 0.065625
0 0.750000 0.666406 0.041667 0.085938
0 0.443750 0.717187 0.741667 0.168750
