0 0.181000 0.585664 0.342000 0.793706
0 0.337000 0.288462 0.062000 0.248252
0 0.784000 0.222028 0.016000 0.087413
0 0.965000 0.255245 0.030000 0.167832
0 0.871000 0.204545 0.022000 0.066434
1 0.070000 0.337413 0.060000 0.094406
0 0.013000 0.274476 0.026000 0.220280
0 0.316000 0.230769 0.020000 0.076923
0 0.459000 0.265734 0.050000 0.230769
0 0.494000 0.281469 0.060000 0.220280
0 0.046000 0.256993 0.060000 0.136364
0 0.572000 0.229021 0.028000 0.150350
0 0.601000 0.250000 0.022000 0.206294
0 0.545000 0.250000 0.030000 0.122378
