2 0.772000 0.950301 0.108000 0.087349
2 0.401000 0.635542 0.042000 0.054217
2 0.577000 0.655120 0.058000 0.045181
3 0.217000 0.859940 0.014000 0.039157
4 0.795000 0.634036 0.382000 0.105422
2 0.204000 0.941265 0.108000 0.111446
0 0.218000 0.832831 0.036000 0.093373
2 0.326000 0.566265 0.020000 0.030120
2 0.342000 0.542169 0.020000 0.024096
2 0.060000 0.552711 0.032000 0.021084
4 0.368000 0.582831 0.040000 0.075301
4 0.400000 0.602410 0.052000 0.072289
0 0.410000 0.793675 0.020000 0.093373
0 0.546000 0.831325 0.016000 0.078313
0 0.579000 0.879518 0.030000 0.102410
0 0.757000 0.840361 0.026000 0.102410
0 0.699000 0.754518 0.022000 0.075301
0 0.388000 0.801205 0.012000 0.084337
0 0.666000 0.745482 0.012000 0.075301
0 0.396000 0.807229 0.016000 0.090361
0 0.449000 0.787651 0.010000 0.033133
3 0.489000 0.664157 0.038000 0.033133
0 0.536000 0.838855 0.020000 0.093373
5 0.208000 0.944277 0.104000 0.111446
0 0.093000 0.805723 0.022000 0.087349
0 0.860000 0.802711 0.020000 0.069277
2 0.367000 0.539157 0.030000 0.012048
2 0.111000 0.564759 0.026000 0.021084
2 0.546000 0.540663 0.032000 0.027108
0 0.455000 0.695783 0.842000 0.355422
