1 0.072656 0.426042 0.142187 0.539583
2 0.456250 0.151042 0.240625 0.289583
2 0.383594 0.042708 0.045312 0.077083
3 0.575000 0.439583 0.793750 0.725000
0 0.655469 0.118750 0.092188 0.200000
0 0.108594 0.042708 0.082812 0.085417
0 0.072656 0.061458 0.085938 0.122917
2 0.562500 0.078125 0.031250 0.035417
2 0.766406 0.120833 0.035937 0.029167
2 0.731250 0.115625 0.034375 0.031250
1 0.307031 0.126042 0.026562 0.114583
1 0.252344 0.106250 0.057813 0.100000
1 0.285938 0.122917 0.034375 0.129167
1 0.297656 0.120833 0.020313 0.104167
