2 0.975781 0.467708 0.017188 0.014583
2 0.957812 0.422917 0.012500 0.012500
2 0.924219 0.392708 0.010937 0.010417
2 0.878906 0.359375 0.010937 0.010417
5 0.936719 0.421875 0.020313 0.031250
2 0.892969 0.368750 0.007812 0.008333
2 0.870313 0.353125 0.009375 0.010417
2 0.992188 0.445833 0.015625 0.016667
2 0.890625 0.382292 0.012500 0.014583
2 0.914062 0.386458 0.009375 0.010417
5 0.923438 0.390625 0.012500 0.014583
5 0.853906 0.350000 0.017188 0.025000
5 0.818750 0.323958 0.021875 0.018750
2 0.865625 0.348958 0.006250 0.010417
2 0.936719 0.404167 0.010937 0.012500
2 0.844531 0.340625 0.007812 0.010417
