1 0.303125 0.635632 0.378125 0.310345
2 0.725781 0.467816 0.373437 0.328736
0 0.291406 0.418391 0.157812 0.482759
0 0.942187 0.391954 0.021875 0.080460
0 0.910156 0.390805 0.023438 0.073563
0 0.150000 0.394253 0.015625 0.034483
0 0.164844 0.396552 0.023438 0.080460
0 0.368750 0.389655 0.015625 0.052874
0 0.396094 0.387356 0.010937 0.057471
0 0.428906 0.386207 0.017188 0.055172
0 0.852344 0.378161 0.020313 0.052874
0 0.010156 0.409195 0.020313 0.110345
2 0.083594 0.390805 0.057813 0.059770
0 0.037500 0.386207 0.009375 0.018391
0 0.046875 0.387356 0.009375 0.029885
2 0.028125 0.394253 0.031250 0.029885
2 0.382812 0.389655 0.015625 0.016092
0 0.405469 0.391954 0.014063 0.052874
0 0.626563 0.351724 0.537500 0.137931
