1 0.324324 0.841000 0.078078 0.150000
2 0.403904 0.572000 0.081081 0.052000
0 0.339339 0.739000 0.144144 0.266000
0 0.792793 0.590000 0.048048 0.080000
2 0.702703 0.556000 0.054054 0.036000
2 0.738739 0.545000 0.054054 0.038000
0 0.879880 0.567000 0.024024 0.038000
0 0.321321 0.555000 0.030030 0.050000
0 0.493994 0.575000 0.039039 0.018000
0 0.965465 0.542000 0.015015 0.032000
2 0.199700 0.554000 0.033033 0.024000
2 0.489489 0.601000 0.144144 0.118000
2 0.016517 0.614000 0.033033 0.084000
2 0.037538 0.561000 0.057057 0.026000
