2 0.276562 0.871765 0.015625 0.021176
2 0.961719 0.740000 0.014063 0.025882
2 0.264844 0.938824 0.023438 0.023529
2 0.348438 0.785882 0.015625 0.023529
5 0.153125 0.874118 0.034375 0.058824
2 0.121875 0.961176 0.021875 0.021176
2 0.156250 0.932941 0.018750 0.025882
2 0.211719 0.885882 0.014063 0.021176
2 0.196875 0.868235 0.015625 0.023529
2 0.310156 0.876471 0.014063 0.021176
2 0.489844 0.475294 0.007812 0.014118
2 0.086719 0.457647 0.010937 0.016471
2 0.349219 0.834118 0.017188 0.030588
4 0.668750 0.490588 0.037500 0.025882
5 0.522656 0.468235 0.017188 0.032941
2 0.459375 0.432941 0.009375 0.009412
4 0.717187 0.929412 0.021875 0.047059
5 0.154688 0.934118 0.018750 0.023529
2 0.310156 0.348235 0.620313 0.258824
