2 0.021875 0.123583 0.043750 0.074830
2 0.089844 0.089569 0.142187 0.070295
2 0.106250 0.081633 0.178125 0.077098
2 0.789844 0.111111 0.095312 0.090703
2 0.171875 0.083900 0.084375 0.068027
2 0.542188 0.182540 0.393750 0.265306
2 0.204687 0.090703 0.071875 0.054422
2 0.610938 0.100907 0.121875 0.092971
3 0.676562 0.521542 0.437500 0.680272
3 0.535156 0.319728 0.185938 0.222222
3 0.481250 0.257370 0.206250 0.201814
3 0.506250 0.249433 0.093750 0.054422
0 0.335938 0.523810 0.293750 0.866213
2 0.690625 0.095238 0.025000 0.031746
2 0.067969 0.098639 0.135937 0.092971
2 0.044531 0.109977 0.089063 0.097506
2 0.425000 0.098639 0.546875 0.111111
