2 0.403125 0.743056 0.081250 0.147222
2 0.632812 0.737500 0.084375 0.108333
2 0.352344 0.783333 0.114062 0.138889
2 0.564063 0.705556 0.037500 0.061111
2 0.510156 0.708333 0.026562 0.044444
2 0.694531 0.797222 0.114062 0.150000
2 0.582031 0.723611 0.032813 0.063889
0 0.860156 0.779167 0.032813 0.175000
0 0.199219 0.787500 0.035937 0.180556
2 0.545312 0.705556 0.009375 0.022222
0 0.324219 0.680556 0.010937 0.027778
0 0.273438 0.718056 0.015625 0.097222
0 0.125781 0.762500 0.026562 0.052778
0 0.845313 0.773611 0.015625 0.158333
0 0.246875 0.755556 0.025000 0.100000
0 0.314063 0.709722 0.015625 0.069444
2 0.592187 0.733333 0.028125 0.066667
0 0.153906 0.815278 0.032813 0.219444
0 0.833594 0.745833 0.010937 0.102778
0 0.209375 0.718056 0.015625 0.080556
2 0.442188 0.716667 0.021875 0.088889
0 0.698438 0.801389 0.028125 0.158333
0 0.417187 0.698611 0.178125 0.130556
