1 0.424219 0.717708 0.273438 0.260417
0 0.210156 0.613542 0.248438 0.768750
0 0.303125 0.516667 0.146875 0.458333
0 0.642969 0.603125 0.089063 0.385417
0 0.427344 0.623958 0.139063 0.418750
0 0.829688 0.661458 0.240625 0.656250
0 0.732031 0.640625 0.142187 0.535417
0 0.560937 0.555208 0.078125 0.297917
0 0.498437 0.475000 0.056250 0.212500
0 0.935156 0.666667 0.092188 0.541667
0 0.589844 0.458333 0.032813 0.120833
0 0.063281 0.490625 0.045312 0.185417
0 0.064844 0.565625 0.085938 0.360417
0 0.530469 0.478125 0.048438 0.147917
5 0.098437 0.386458 0.193750 0.477083
0 0.495312 0.471875 0.990625 0.418750
