1 0.882000 0.687861 0.016000 0.063584
2 0.780000 0.666185 0.100000 0.106936
6 0.374000 0.598266 0.464000 0.352601
0 0.852000 0.660405 0.032000 0.112717
0 0.905000 0.663295 0.030000 0.124277
0 0.954000 0.651734 0.040000 0.106936
0 0.883000 0.654624 0.026000 0.112717
0 0.925000 0.656069 0.026000 0.127168
0 0.054000 0.650289 0.020000 0.080925
0 0.823000 0.619942 0.014000 0.060694
0 0.378000 0.595376 0.016000 0.028902
1 0.923000 0.687861 0.010000 0.057803
2 0.623000 0.641618 0.042000 0.017341
0 0.349000 0.593931 0.010000 0.026012
0 0.814000 0.618497 0.012000 0.052023
1 0.946000 0.684971 0.016000 0.075145
1 0.857000 0.695087 0.014000 0.054913
2 0.678000 0.669075 0.096000 0.106936
0 0.500000 0.598266 0.012000 0.028902
0 0.977000 0.621387 0.026000 0.046243
