2 0.901563 0.743088 0.187500 0.209677
2 0.794531 0.707373 0.101562 0.170507
1 0.607812 0.685484 0.034375 0.085253
1 0.558594 0.686636 0.029687 0.064516
1 0.189844 0.723502 0.054688 0.147465
1 0.619531 0.663594 0.010937 0.046083
5 0.358594 0.691244 0.154688 0.239631
0 0.228906 0.753456 0.070312 0.276498
0 0.492188 0.685484 0.034375 0.122120
0 0.470313 0.683180 0.031250 0.126728
0 0.041406 0.677419 0.035937 0.161290
0 0.014063 0.676267 0.028125 0.158986
0 0.673438 0.680876 0.025000 0.126728
0 0.691406 0.667051 0.020313 0.126728
0 0.444531 0.630184 0.014063 0.043779
0 0.534375 0.679724 0.025000 0.133641
0 0.576562 0.642857 0.018750 0.032258
0 0.709375 0.671659 0.037500 0.131336
2 0.435156 0.691244 0.039062 0.184332
0 0.741406 0.618664 0.020313 0.043779
0 0.130469 0.766129 0.120313 0.315668
0 0.469531 0.709677 0.798438 0.313364
