2 0.927344 0.864169 0.142187 0.271663
2 0.050781 0.647541 0.101562 0.081967
4 0.552344 0.584309 0.885938 0.484778
0 0.528906 0.396956 0.042188 0.067916
0 0.497656 0.408665 0.023438 0.035129
0 0.476562 0.407494 0.025000 0.046838
0 0.872656 0.382904 0.023438 0.044496
0 0.173437 0.601874 0.037500 0.051522
0 0.417187 0.422717 0.018750 0.030445
0 0.921875 0.362998 0.037500 0.070258
5 0.050781 0.647541 0.101562 0.086651
0 0.455469 0.425059 0.014063 0.016393
0 0.626563 0.392272 0.012500 0.007026
0 0.258594 0.394614 0.026562 0.063232
0 0.949219 0.378220 0.017188 0.039813
0 0.465625 0.401639 0.012500 0.016393
0 0.325000 0.422717 0.015625 0.021077
