0 0.769792 0.642188 0.206250 0.656250
0 0.919792 0.724219 0.027083 0.064062
0 0.864583 0.716406 0.016667 0.014063
2 0.660417 0.732031 0.045833 0.035937
2 0.914583 0.730469 0.100000 0.039062
2 0.970833 0.729688 0.058333 0.059375
2 0.340625 0.735938 0.177083 0.053125
2 0.678125 0.726562 0.047917 0.034375
5 0.102083 0.707812 0.200000 0.162500
5 0.584375 0.729688 0.127083 0.084375
5 0.441667 0.729688 0.079167 0.037500
5 0.201042 0.704688 0.118750 0.134375
2 0.101042 0.705469 0.193750 0.154688
2 0.582292 0.729688 0.122917 0.081250
