0 0.829167 0.103906 0.233333 0.132812
0 0.808333 0.550781 0.154167 0.295312
0 0.408333 0.482031 0.200000 0.198437
0 0.483333 0.939063 0.137500 0.121875
0 0.117708 0.464844 0.177083 0.201563
0 0.542708 0.085156 0.193750 0.123438
0 0.083333 0.946875 0.120833 0.078125
1 0.945833 0.622656 0.108333 0.110937
1 0.852083 0.823438 0.137500 0.037500
1 0.747917 0.806250 0.104167 0.084375
1 0.758333 0.892969 0.241667 0.039062
1 0.413542 0.962500 0.114583 0.062500
1 0.600000 0.916406 0.100000 0.089063
1 0.868750 0.795312 0.241667 0.112500
1 0.693750 0.948438 0.095833 0.043750
1 0.256250 0.985156 0.075000 0.023438
1 0.846875 0.953906 0.252083 0.035937
0 0.535417 0.667188 0.133333 0.290625
0 0.066667 0.870313 0.033333 0.018750
