2 0.868750 0.753521 0.115625 0.093897
3 0.882031 0.787559 0.048438 0.082160
0 0.719531 0.550469 0.035937 0.058685
0 0.554688 0.516432 0.053125 0.061033
0 0.882812 0.739437 0.043750 0.117371
0 0.852344 0.700704 0.010937 0.016432
0 0.355469 0.773474 0.026562 0.133803
0 0.396875 0.768779 0.025000 0.138498
0 0.285938 0.768779 0.031250 0.110329
0 0.659375 0.727700 0.012500 0.037559
2 0.982031 0.735915 0.035937 0.077465
0 0.224219 0.458920 0.032813 0.110329
3 0.124219 0.857981 0.101562 0.110329
0 0.953906 0.741784 0.032813 0.098592
0 0.667969 0.723005 0.010937 0.032864
