3 0.701562 0.680000 0.184375 0.272941
0 0.166406 0.667059 0.154688 0.609412
0 0.472656 0.450588 0.064062 0.087059
0 0.239844 0.515294 0.048438 0.244706
0 0.049219 0.520000 0.032813 0.202353
0 0.292187 0.532941 0.046875 0.251765
0 0.025000 0.432941 0.034375 0.080000
0 0.014844 0.556471 0.029687 0.280000
0 0.253125 0.427059 0.018750 0.035294
0 0.692969 0.549412 0.135937 0.364706
0 0.804688 0.541176 0.081250 0.352941
0 0.080469 0.538824 0.064062 0.315294
2 0.410938 0.614118 0.265625 0.324706
3 0.553906 0.595294 0.145313 0.197647
0 0.876563 0.516471 0.115625 0.454118
0 0.584375 0.442353 0.050000 0.108235
0 0.538281 0.471765 0.864062 0.237647
