4 0.543750 0.448430 0.165625 0.188341
0 0.732031 0.452915 0.220312 0.237668
0 0.225000 0.603139 0.162500 0.659193
0 0.145313 0.492152 0.025000 0.118834
0 0.467187 0.480942 0.037500 0.105381
0 0.674219 0.486547 0.026562 0.058296
0 0.406250 0.478700 0.025000 0.060538
0 0.569531 0.423767 0.014063 0.022422
0 0.449219 0.480942 0.032813 0.105381
0 0.059375 0.464126 0.006250 0.031390
0 0.494531 0.406951 0.029687 0.020179
1 0.459375 0.507848 0.053125 0.056054
0 0.867188 0.512332 0.028125 0.060538
1 0.441406 0.505605 0.026562 0.047085
1 0.410156 0.501121 0.010937 0.033632
