0 0.152344 0.330579 0.082812 0.115702
0 0.551562 0.476584 0.128125 0.402204
0 0.745313 0.334711 0.062500 0.123967
3 0.719531 0.501377 0.139063 0.341598
3 0.384375 0.516529 0.153125 0.377410
3 0.503125 0.509642 0.959375 0.363636
0 0.991406 0.330579 0.014063 0.060606
0 0.672656 0.294766 0.010937 0.099174
0 0.157031 0.238292 0.032813 0.057851
0 0.386719 0.488981 0.107813 0.399449
0 0.619531 0.221763 0.010937 0.024793
0 0.103125 0.305785 0.031250 0.071625
0 0.080469 0.165289 0.020313 0.055096
0 0.588281 0.194215 0.051562 0.134986
0 0.346875 0.212121 0.056250 0.159780
0 0.273438 0.304408 0.031250 0.057851
0 0.687500 0.271350 0.565625 0.162534
