4 0.769000 0.712428 0.274000 0.297688
4 0.794000 0.562139 0.396000 0.286127
4 0.513000 0.476879 0.190000 0.196532
4 0.380000 0.411850 0.140000 0.199422
0 0.851000 0.884393 0.070000 0.231214
0 0.801000 0.671965 0.050000 0.054913
0 0.725000 0.527457 0.018000 0.037572
0 0.767000 0.533237 0.026000 0.037572
0 0.480000 0.540462 0.020000 0.017341
2 0.461000 0.579480 0.142000 0.153179
2 0.149000 0.562139 0.086000 0.124277
2 0.348000 0.510116 0.100000 0.106936
2 0.247000 0.443642 0.050000 0.060694
2 0.033000 0.531792 0.066000 0.109827
2 0.044000 0.489884 0.052000 0.072254
2 0.110000 0.400289 0.032000 0.037572
2 0.122000 0.437861 0.044000 0.060694
2 0.603000 0.932081 0.350000 0.135838
2 0.289000 0.734104 0.182000 0.225434
2 0.267000 0.595376 0.126000 0.138728
2 0.233000 0.520231 0.082000 0.109827
2 0.187000 0.413295 0.038000 0.052023
2 0.169000 0.411850 0.306000 0.176301
