0 0.483594 0.757611 0.176563 0.377049
0 0.268750 0.834895 0.203125 0.259953
0 0.118750 0.797424 0.159375 0.334895
0 0.141406 0.500000 0.045312 0.105386
0 0.408594 0.491803 0.045312 0.117096
0 0.325000 0.522248 0.046875 0.065574
0 0.256250 0.501171 0.050000 0.098361
0 0.025781 0.608899 0.051562 0.182670
0 0.867188 0.518735 0.034375 0.049180
0 0.064844 0.624122 0.067187 0.138173
0 0.286719 0.528103 0.029687 0.058548
0 0.048438 0.508197 0.040625 0.107728
0 0.812500 0.509368 0.025000 0.067916
0 0.499219 0.406323 0.998437 0.812646
