1 0.348235 0.734375 0.145882 0.181250
0 0.384706 0.399219 0.562353 0.360938
0 0.310588 0.674219 0.197647 0.260937
0 0.572941 0.710156 0.091765 0.217188
0 0.070588 0.617969 0.056471 0.123438
0 0.457647 0.694531 0.087059 0.235937
0 0.515294 0.683594 0.094118 0.267188
0 0.629412 0.696875 0.063529 0.234375
0 0.680000 0.690625 0.094118 0.256250
0 0.044706 0.660937 0.089412 0.262500
0 0.970588 0.682813 0.058824 0.131250
0 0.863529 0.695312 0.131765 0.253125
0 0.757647 0.700781 0.098824 0.242188
1 0.972941 0.762500 0.054118 0.128125
1 0.084706 0.743750 0.070588 0.103125
0 0.568235 0.581250 0.040000 0.034375
