2 0.913281 0.527083 0.098437 0.125000
4 0.466406 0.437500 0.807813 0.487500
0 0.212500 0.303125 0.037500 0.027083
0 0.401562 0.283333 0.046875 0.050000
0 0.472656 0.285417 0.039062 0.066667
0 0.624219 0.278125 0.026562 0.035417
0 0.746875 0.260417 0.034375 0.054167
0 0.534375 0.277083 0.053125 0.045833
0 0.431250 0.291667 0.025000 0.029167
0 0.505469 0.287500 0.017188 0.029167
0 0.548438 0.265625 0.037500 0.047917
0 0.410156 0.279167 0.023438 0.045833
0 0.135156 0.305208 0.023438 0.035417
0 0.288281 0.287500 0.020313 0.050000
0 0.271094 0.289583 0.029687 0.058333
0 0.433594 0.376042 0.704688 0.272917
