2 0.946000 0.629333 0.044000 0.032000
2 0.973000 0.637333 0.034000 0.037333
2 0.891000 0.624000 0.038000 0.032000
2 0.921000 0.629333 0.022000 0.037333
0 0.635000 0.764000 0.058000 0.205333
0 0.735000 0.669333 0.070000 0.181333
0 0.366000 0.624000 0.020000 0.069333
0 0.329000 0.790667 0.138000 0.418667
0 0.147000 0.745333 0.086000 0.472000
0 0.800000 0.802667 0.132000 0.368000
0 0.612000 0.673333 0.064000 0.173333
0 0.425000 0.640000 0.054000 0.117333
0 0.385000 0.634667 0.026000 0.090667
0 0.481000 0.784000 0.114000 0.400000
0 0.697000 0.798667 0.114000 0.397333
0 0.862000 0.672000 0.056000 0.197333
2 0.222000 0.780000 0.444000 0.354667
3 0.953000 0.648000 0.014000 0.032000
