3 0.521094 0.633867 0.570312 0.700229
3 0.221875 0.314645 0.190625 0.368421
0 0.563281 0.569794 0.482812 0.810069
0 0.221875 0.258581 0.212500 0.425629
0 0.323437 0.094966 0.137500 0.130435
0 0.594531 0.448513 0.432812 0.892449
0 0.382031 0.070938 0.042188 0.082380
0 0.511719 0.112128 0.048438 0.178490
0 0.753125 0.146453 0.134375 0.160183
0 0.082812 0.148741 0.059375 0.151030
0 0.018750 0.104119 0.037500 0.208238
0 0.469531 0.205950 0.079687 0.315789
0 0.939844 0.097254 0.067187 0.171625
3 0.335938 0.250572 0.134375 0.318078
3 0.768750 0.314645 0.118750 0.322654
3 0.021094 0.226545 0.042188 0.183066
0 0.155469 0.090389 0.042188 0.180778
0 0.975000 0.109840 0.050000 0.160183
0 0.508594 0.178490 0.979688 0.356979
