0 0.403906 0.511682 0.051562 0.135514
0 0.433594 0.633178 0.073438 0.271028
0 0.664062 0.526869 0.018750 0.077103
0 0.654687 0.494159 0.034375 0.114486
2 0.595313 0.393692 0.021875 0.030374
2 0.042969 0.335280 0.048438 0.035047
2 0.945312 0.440421 0.050000 0.025701
0 0.677344 0.587617 0.023438 0.044393
0 0.899219 0.561916 0.023438 0.072430
0 0.460156 0.401869 0.010937 0.037383
0 0.491406 0.405374 0.010937 0.039720
0 0.303125 0.350467 0.003125 0.014019
0 0.314063 0.362150 0.009375 0.037383
2 0.464844 0.367991 0.017188 0.011682
2 0.571875 0.382009 0.034375 0.025701
2 0.383594 0.360981 0.020313 0.011682
0 0.922656 0.425234 0.004687 0.014019
