2 0.630469 0.398585 0.064062 0.061321
2 0.717969 0.399764 0.017188 0.044811
2 0.868750 0.393868 0.075000 0.051887
4 0.388281 0.362028 0.254688 0.087264
0 0.282031 0.622642 0.176563 0.518868
0 0.410156 0.627358 0.076563 0.221698
0 0.850000 0.759434 0.181250 0.448113
0 0.906250 0.601415 0.068750 0.122642
0 0.580469 0.422170 0.023438 0.094340
0 0.379688 0.413915 0.018750 0.091981
2 0.036719 0.408019 0.073438 0.061321
0 0.073438 0.409198 0.009375 0.058962
0 0.719531 0.433962 0.023438 0.061321
2 0.074219 0.391509 0.042188 0.033019
0 0.787500 0.521226 0.025000 0.075472
0 0.663281 0.417453 0.029687 0.099057
2 0.105469 0.409198 0.039062 0.058962
2 0.604688 0.360849 0.018750 0.014151
2 0.941406 0.405660 0.023438 0.075472
2 0.725781 0.347877 0.026562 0.021226
0 0.867969 0.417453 0.029687 0.094340
0 0.166406 0.509434 0.064062 0.268868
2 0.171875 0.380896 0.034375 0.016509
0 0.535937 0.392689 0.021875 0.054245
0 0.489063 0.504717 0.978125 0.325472
