2 0.718750 0.221176 0.350000 0.216471
2 0.560937 0.118824 0.121875 0.105882
2 0.892969 0.107059 0.185938 0.143529
2 0.829688 0.104706 0.096875 0.120000
3 0.687500 0.677647 0.621875 0.635294
3 0.364844 0.303529 0.139063 0.263529
3 0.524219 0.312941 0.167187 0.207059
3 0.907031 0.224706 0.067187 0.148235
0 0.297656 0.480000 0.182812 0.381176
0 0.300000 0.205882 0.043750 0.162353
0 0.353906 0.258824 0.107813 0.230588
0 0.692969 0.520000 0.157812 0.545882
0 0.776563 0.470588 0.171875 0.545882
2 0.344531 0.207059 0.270313 0.258824
5 0.342969 0.202353 0.267188 0.277647
0 0.948438 0.155294 0.081250 0.188235
0 0.520312 0.260000 0.134375 0.242353
0 0.505469 0.134118 0.032813 0.065882
0 0.917969 0.162353 0.076563 0.197647
3 0.944531 0.348235 0.110937 0.381176
5 0.714844 0.098824 0.251563 0.112941
0 0.961719 0.322353 0.076563 0.376471
