0 0.517188 0.292708 0.131250 0.322917
0 0.675000 0.355208 0.178125 0.531250
0 0.453125 0.621875 0.184375 0.568750
0 0.279687 0.323958 0.175000 0.381250
0 0.022656 0.292708 0.045312 0.085417
0 0.177344 0.321875 0.039062 0.097917
5 0.505469 0.597917 0.726562 0.704167
0 0.095312 0.312500 0.031250 0.041667
0 0.302344 0.306250 0.042188 0.104167
2 0.170313 0.412500 0.068750 0.087500
5 0.885156 0.400000 0.229687 0.329167
5 0.082812 0.504167 0.162500 0.350000
5 0.072656 0.198958 0.120313 0.077083
5 0.100781 0.357292 0.192188 0.281250
5 0.299219 0.255208 0.073438 0.039583
5 0.156250 0.228125 0.078125 0.085417
