2 0.281250 0.553738 0.262500 0.257009
2 0.056250 0.554907 0.109375 0.278037
3 0.132812 0.662383 0.184375 0.306075
0 0.125781 0.617991 0.098437 0.394860
0 0.631250 0.478972 0.071875 0.186916
0 0.689844 0.435748 0.039062 0.077103
0 0.726562 0.440421 0.028125 0.063084
0 0.588281 0.452103 0.032813 0.072430
0 0.532031 0.476636 0.051562 0.126168
0 0.464844 0.468458 0.035937 0.109813
0 0.435156 0.470794 0.023438 0.100467
0 0.400781 0.467290 0.026562 0.074766
0 0.858594 0.523364 0.020313 0.098131
0 0.957031 0.559579 0.023438 0.109813
2 0.361719 0.457944 0.017188 0.028037
5 0.281250 0.553738 0.256250 0.266355
0 0.512500 0.452103 0.018750 0.049065
0 0.376563 0.453271 0.015625 0.032710
0 0.721094 0.528037 0.554688 0.182243
