0 0.767969 0.509722 0.104688 0.597222
0 0.973437 0.331944 0.046875 0.158333
0 0.211719 0.284722 0.042188 0.197222
0 0.135937 0.287500 0.053125 0.197222
0 0.076563 0.284722 0.040625 0.191667
0 0.058594 0.219444 0.020313 0.161111
0 0.279687 0.241667 0.021875 0.122222
0 0.310156 0.220833 0.023438 0.125000
0 0.832812 0.315278 0.071875 0.186111
5 0.953125 0.234722 0.090625 0.108333
0 0.593750 0.668056 0.078125 0.325000
0 0.508594 0.722222 0.104688 0.327778
0 0.936719 0.377778 0.048438 0.261111
4 0.953125 0.227778 0.093750 0.105556
0 0.885938 0.329167 0.037500 0.152778
0 0.499219 0.497222 0.998437 0.727778
