0 0.755269 0.757031 0.086651 0.170313
0 0.891101 0.719531 0.091335 0.095312
0 0.450820 0.666406 0.007026 0.023438
0 0.418033 0.669531 0.011710 0.026562
0 0.406323 0.670312 0.016393 0.028125
0 0.503513 0.669531 0.014052 0.023438
0 0.563232 0.664062 0.016393 0.025000
0 0.823185 0.667188 0.021077 0.034375
0 0.831382 0.653906 0.014052 0.020313
0 0.131148 0.679688 0.018735 0.034375
0 0.256440 0.689063 0.021077 0.031250
0 0.285714 0.695312 0.032787 0.050000
0 0.853630 0.653906 0.011710 0.023438
0 0.544496 0.674219 0.906323 0.073438
