0 0.435282 0.583594 0.574113 0.804688
0 0.971816 0.413281 0.056367 0.376563
0 0.604384 0.257812 0.093946 0.137500
2 0.109603 0.261719 0.123173 0.039062
2 0.760960 0.208594 0.035491 0.020313
2 0.844468 0.203125 0.043841 0.015625
2 0.914405 0.200781 0.050104 0.014063
2 0.966597 0.200000 0.050104 0.012500
0 0.726514 0.335156 0.150313 0.264062
1 0.751566 0.388281 0.179541 0.151562
1 0.485386 0.729688 0.945720 0.540625
1 0.592902 0.292969 0.158664 0.076563
2 0.505219 0.231250 0.096033 0.034375
2 0.651357 0.220312 0.058455 0.034375
2 0.740084 0.210938 0.027140 0.012500
2 0.803758 0.204687 0.041754 0.015625
