2 0.646094 0.904306 0.142187 0.133971
0 0.460156 0.866029 0.029687 0.181818
0 0.432031 0.877990 0.023438 0.186603
0 0.078125 0.844498 0.034375 0.224880
0 0.055469 0.794258 0.014063 0.114833
0 0.768750 0.758373 0.012500 0.090909
0 0.628125 0.767943 0.012500 0.081340
0 0.235937 0.815789 0.012500 0.100478
0 0.032813 0.794258 0.021875 0.124402
0 0.124219 0.789474 0.010937 0.066986
0 0.014063 0.789474 0.021875 0.153110
0 0.024219 0.734450 0.007812 0.043062
0 0.113281 0.777512 0.010937 0.052632
0 0.023438 0.909091 0.028125 0.066986
0 0.511719 0.751196 0.951562 0.248804
