2 0.775781 0.740654 0.057813 0.088785
4 0.511719 0.655374 0.395313 0.605140
0 0.617188 0.314252 0.056250 0.109813
0 0.575000 0.316589 0.046875 0.091121
0 0.410938 0.528037 0.087500 0.130841
0 0.523438 0.320093 0.056250 0.070093
0 0.614844 0.566589 0.029687 0.081776
0 0.568750 0.591121 0.071875 0.056075
0 0.497656 0.567757 0.064062 0.126168
0 0.500781 0.318925 0.035937 0.058411
0 0.549219 0.308411 0.020313 0.032710
0 0.637500 0.586449 0.037500 0.079439
0 0.639844 0.558411 0.029687 0.074766
0 0.645312 0.344626 0.012500 0.039720
