2 0.031250 0.613095 0.059375 0.363095
2 0.248438 0.633929 0.059375 0.095238
2 0.866406 0.571429 0.064062 0.107143
2 0.907031 0.558036 0.035937 0.062500
2 0.941406 0.522321 0.039062 0.044643
0 0.284375 0.511905 0.021875 0.095238
0 0.261719 0.519345 0.035937 0.086310
0 0.312500 0.595238 0.031250 0.226190
2 0.789844 0.619048 0.035937 0.029762
5 0.536719 0.511905 0.435937 0.654762
0 0.148438 0.599702 0.031250 0.235119
0 0.800000 0.563988 0.021875 0.116071
1 0.178906 0.666667 0.048438 0.101190
2 0.942187 0.494048 0.034375 0.041667
2 0.764844 0.613095 0.035937 0.047619
