2 0.241406 0.522727 0.126562 0.104278
2 0.110156 0.516043 0.120313 0.101604
2 0.517188 0.625668 0.293750 0.326203
2 0.692969 0.500000 0.057813 0.053476
2 0.810156 0.540107 0.101562 0.112299
2 0.957812 0.545455 0.081250 0.112299
5 0.760156 0.485294 0.051562 0.061497
2 0.878125 0.495989 0.043750 0.056150
2 0.951562 0.483957 0.040625 0.037433
2 0.836719 0.493316 0.048438 0.061497
2 0.911719 0.501337 0.042188 0.061497
2 0.636719 0.497326 0.032813 0.048128
2 0.724219 0.474599 0.032813 0.034759
2 0.392969 0.524064 0.092188 0.106952
5 0.951562 0.485294 0.043750 0.045455
2 0.864844 0.482620 0.267188 0.066845
