1 0.521127 0.761719 0.103286 0.026562
0 0.306338 0.809375 0.119718 0.231250
0 0.510563 0.720313 0.011737 0.021875
0 0.543427 0.723437 0.025822 0.015625
0 0.572770 0.720313 0.014085 0.021875
0 0.420188 0.718750 0.023474 0.021875
0 0.818075 0.714844 0.016432 0.017188
0 0.735915 0.716406 0.016432 0.017188
0 0.451878 0.727344 0.007042 0.014063
0 0.807512 0.716406 0.009390 0.017188
0 0.887324 0.715625 0.009390 0.012500
1 0.232394 0.761719 0.079812 0.023438
0 0.643192 0.719531 0.014085 0.017188
0 0.465962 0.721094 0.030516 0.042188
0 0.363850 0.756250 0.056338 0.062500
0 0.448357 0.717969 0.070423 0.023438
