4 0.913281 0.451477 0.173437 0.565401
0 0.119531 0.567511 0.067187 0.244726
0 0.008594 0.565401 0.017188 0.265823
0 0.438281 0.428270 0.073438 0.109705
0 0.875781 0.284810 0.023438 0.046414
0 0.228906 0.452532 0.017188 0.027426
0 0.244531 0.448312 0.017188 0.040084
0 0.194531 0.449367 0.017188 0.029536
5 0.562500 0.476793 0.550000 0.810127
4 0.217969 0.390295 0.114062 0.118143
0 0.135937 0.464135 0.025000 0.046414
2 0.942187 0.914557 0.115625 0.141350
0 0.214844 0.448312 0.017188 0.035865
0 0.221875 0.438819 0.009375 0.025316
5 0.134375 0.491561 0.212500 0.198312
