0 0.526000 0.977333 0.016000 0.045333
0 0.462000 0.972000 0.020000 0.050667
0 0.250000 0.964000 0.024000 0.066667
2 0.295000 0.852000 0.030000 0.024000
4 0.596000 0.870667 0.120000 0.056000
0 0.296000 0.976000 0.028000 0.048000
0 0.260000 0.960000 0.016000 0.048000
0 0.501000 0.974667 0.026000 0.045333
0 0.955000 0.981333 0.026000 0.037333
0 0.608000 0.978667 0.020000 0.042667
0 0.320000 0.970667 0.028000 0.058667
0 0.840000 0.900000 0.020000 0.018667
0 0.016000 0.970667 0.016000 0.053333
0 0.546000 0.986667 0.012000 0.021333
0 0.661000 0.977333 0.026000 0.045333
5 0.484000 0.870667 0.072000 0.045333
0 0.517000 0.968000 0.170000 0.058667
