0 0.219531 0.607981 0.276562 0.784038
0 0.794531 0.771127 0.098437 0.152582
0 0.835938 0.775822 0.053125 0.152582
0 0.704688 0.774648 0.071875 0.159624
0 0.883594 0.632629 0.067187 0.255869
0 0.950000 0.638498 0.068750 0.248826
0 0.895312 0.784038 0.084375 0.136150
0 0.283594 0.774648 0.089063 0.154930
0 0.722656 0.651408 0.107813 0.274648
2 0.803125 0.681925 0.118750 0.105634
2 0.615625 0.660798 0.156250 0.115023
0 0.596875 0.585681 0.428125 0.795775
2 0.366406 0.644366 0.101562 0.096244
2 0.079687 0.638498 0.037500 0.070423
0 0.979688 0.779343 0.040625 0.140845
0 0.148438 0.640845 0.296875 0.366197
0 0.286719 0.658451 0.064062 0.166667
