2 0.482031 0.847917 0.045312 0.041667
2 0.839063 0.923958 0.068750 0.102083
4 0.082031 0.804167 0.164062 0.366667
2 0.818750 0.870833 0.062500 0.066667
2 0.281250 0.908333 0.096875 0.129167
2 0.232813 0.870833 0.034375 0.054167
0 0.488281 0.911458 0.054688 0.106250
2 0.240625 0.883333 0.021875 0.062500
2 0.657813 0.896875 0.087500 0.089583
2 0.192188 0.879167 0.059375 0.091667
0 0.550000 0.926042 0.159375 0.147917
0 0.371094 0.928125 0.185938 0.139583
0 0.457031 0.931250 0.039062 0.137500
0 0.923438 0.827083 0.153125 0.345833
0 0.759375 0.886458 0.096875 0.227083
0 0.449219 0.825000 0.026562 0.029167
0 0.520312 0.842708 0.037500 0.056250
0 0.619531 0.871875 0.173437 0.252083
0 0.451562 0.910417 0.050000 0.120833
0 0.440625 0.862500 0.028125 0.045833
0 0.707031 0.915625 0.054688 0.168750
