4 0.403125 0.513415 0.225000 0.270732
4 0.054688 0.528049 0.109375 0.217073
4 0.566406 0.520732 0.126562 0.168293
0 0.874219 0.643902 0.057813 0.151220
0 0.825781 0.640244 0.045312 0.134146
0 0.767188 0.617073 0.031250 0.156098
4 0.667188 0.539024 0.075000 0.092683
4 0.961719 0.563415 0.076563 0.170732
5 0.666406 0.539024 0.073438 0.087805
0 0.847656 0.535366 0.007812 0.036585
0 0.641406 0.562195 0.010937 0.031707
0 0.881250 0.576829 0.015625 0.056098
2 0.151562 0.536585 0.034375 0.043902
4 0.542969 0.467073 0.057813 0.046341
