1 0.730469 0.619159 0.035937 0.046729
1 0.516406 0.544393 0.017188 0.032710
0 0.753125 0.622664 0.062500 0.315421
0 0.252344 0.632009 0.054688 0.343458
0 0.825781 0.568925 0.082812 0.231308
0 0.884375 0.530374 0.021875 0.121495
0 0.125781 0.593458 0.120313 0.789720
0 0.415625 0.581776 0.056250 0.252336
0 0.381250 0.505841 0.031250 0.119159
0 0.959375 0.525701 0.031250 0.149533
0 0.279687 0.492991 0.015625 0.070093
0 0.191406 0.501168 0.026562 0.095794
0 0.503125 0.606308 0.071875 0.296729
0 0.844531 0.591121 0.026562 0.172897
0 0.218750 0.491822 0.018750 0.072430
0 0.499219 0.565421 0.998437 0.299065
