2 0.472656 0.104167 0.029687 0.041667
0 0.250000 0.150000 0.018750 0.058333
0 0.386719 0.138542 0.020313 0.072917
0 0.432031 0.135417 0.017188 0.066667
0 0.461719 0.126042 0.010937 0.056250
0 0.542969 0.125000 0.010937 0.058333
0 0.567969 0.130208 0.010937 0.031250
2 0.255469 0.110417 0.045312 0.033333
2 0.438281 0.112500 0.057813 0.041667
2 0.604688 0.121875 0.084375 0.039583
2 0.792188 0.091667 0.037500 0.020833
2 0.215625 0.125000 0.065625 0.045833
2 0.517188 0.100000 0.031250 0.041667
0 0.327344 0.148958 0.017188 0.052083
0 0.355469 0.138542 0.026562 0.068750
0 0.336719 0.127083 0.026562 0.095833
0 0.285156 0.139583 0.023438 0.062500
