2 0.944531 0.380597 0.032813 0.074627
2 0.149219 0.425373 0.048438 0.134328
2 0.062500 0.420398 0.056250 0.114428
2 0.592187 0.375622 0.056250 0.094527
2 0.764062 0.368159 0.056250 0.059701
2 0.727344 0.393035 0.067187 0.109453
2 0.834375 0.427861 0.034375 0.129353
3 0.632031 0.649254 0.139063 0.442786
3 0.308594 0.641791 0.126562 0.328358
3 0.735156 0.582090 0.092188 0.378109
3 0.150781 0.524876 0.057813 0.233831
3 0.232031 0.572139 0.079687 0.338308
3 0.400781 0.676617 0.076563 0.457711
0 0.105469 0.485075 0.051562 0.363184
0 0.325781 0.430348 0.095312 0.233831
0 0.456250 0.651741 0.078125 0.676617
0 0.532813 0.450249 0.040625 0.223881
0 0.864844 0.442786 0.032813 0.288557
0 0.685156 0.350746 0.026562 0.104478
0 0.661719 0.383085 0.023438 0.129353
0 0.282813 0.430348 0.031250 0.194030
0 0.628906 0.383085 0.026562 0.119403
0 0.691406 0.517413 0.057813 0.278607
0 0.058594 0.348259 0.010937 0.029851
0 0.021875 0.519900 0.043750 0.482587
3 0.525000 0.659204 0.100000 0.492537
3 0.784375 0.574627 0.075000 0.223881
3 0.184375 0.572139 0.075000 0.258706
3 0.820312 0.532338 0.065625 0.238806
0 0.602344 0.587065 0.057813 0.427861
2 0.804688 0.450249 0.087500 0.154229
2 0.968750 0.378109 0.018750 0.039801
0 0.519531 0.502488 0.957812 0.358209
