2 0.664844 0.467136 0.051562 0.061033
2 0.667969 0.453052 0.054688 0.075117
2 0.730469 0.454225 0.032813 0.068075
4 0.889062 0.465962 0.221875 0.669014
0 0.426563 0.687793 0.118750 0.591549
0 0.209375 0.723005 0.162500 0.553991
0 0.653906 0.652582 0.095312 0.305164
0 0.046875 0.707746 0.093750 0.500000
0 0.540625 0.656103 0.159375 0.659624
0 0.340625 0.553991 0.068750 0.215962
0 0.146094 0.471831 0.057813 0.103286
0 0.653906 0.468310 0.023438 0.077465
0 0.222656 0.438967 0.067187 0.075117
0 0.761719 0.712441 0.126562 0.546948
0 0.234375 0.550469 0.068750 0.157277
0 0.698438 0.449531 0.015625 0.068075
0 0.083594 0.711268 0.126562 0.577465
0 0.427344 0.457746 0.726562 0.093897
