0 0.307812 0.650000 0.150000 0.287500
0 0.539062 0.651042 0.025000 0.085417
0 0.560156 0.668750 0.035937 0.116667
0 0.617969 0.669792 0.042188 0.102083
0 0.698438 0.682292 0.034375 0.102083
0 0.384375 0.652083 0.034375 0.145833
0 0.503906 0.666667 0.054688 0.162500
0 0.599219 0.632292 0.026562 0.052083
0 0.639062 0.665625 0.025000 0.110417
0 0.407031 0.651042 0.023438 0.089583
0 0.427344 0.650000 0.020313 0.087500
1 0.076563 0.804167 0.103125 0.391667
1 0.174219 0.708333 0.048438 0.195833
1 0.320312 0.729167 0.034375 0.162500
1 0.503906 0.708333 0.048438 0.108333
1 0.373437 0.704167 0.031250 0.075000
1 0.610156 0.722917 0.026562 0.075000
1 0.592187 0.693750 0.015625 0.070833
1 0.560156 0.703125 0.039062 0.085417
2 0.975781 0.680208 0.039062 0.027083
2 0.958594 0.684375 0.020313 0.022917
0 0.194531 0.627083 0.089063 0.283333
1 0.805469 0.708333 0.017188 0.066667
1 0.530469 0.701042 0.029687 0.064583
1 0.643750 0.709375 0.031250 0.060417
2 0.435156 0.667708 0.098437 0.047917
0 0.065625 0.612500 0.131250 0.745833
1 0.700781 0.715625 0.029687 0.072917
2 0.832812 0.682292 0.028125 0.027083
2 0.801562 0.676042 0.043750 0.039583
1 0.754687 0.708333 0.037500 0.066667
0 0.503906 0.651042 0.917188 0.177083
1 0.673438 0.721875 0.025000 0.056250
