2 0.777344 0.384817 0.048438 0.041885
2 0.689063 0.376963 0.046875 0.052356
2 0.808594 0.373037 0.035937 0.028796
0 0.597656 0.611257 0.179688 0.400524
0 0.807031 0.810209 0.139063 0.332461
0 0.450000 0.416230 0.112500 0.350785
0 0.782813 0.388743 0.012500 0.044503
0 0.767188 0.390052 0.009375 0.036649
0 0.791406 0.388743 0.007812 0.039267
0 0.064062 0.375654 0.018750 0.054974
0 0.897656 0.479058 0.023438 0.047120
0 0.349219 0.426702 0.020313 0.057592
0 0.921875 0.743455 0.078125 0.183246
0 0.980469 0.718586 0.035937 0.191099
0 0.200000 0.388743 0.012500 0.049738
1 0.488281 0.485602 0.023438 0.049738
0 0.537500 0.387435 0.012500 0.047120
2 0.411719 0.404450 0.010937 0.044503
2 0.760938 0.363874 0.021875 0.015707
0 0.356250 0.471204 0.521875 0.230366
