2 0.926562 0.577778 0.146875 0.122222
0 0.407813 0.712500 0.065625 0.163889
0 0.634375 0.559722 0.140625 0.452778
0 0.318750 0.772222 0.125000 0.233333
0 0.710156 0.601389 0.029687 0.180556
0 0.489844 0.586111 0.020313 0.066667
2 0.475781 0.580556 0.014063 0.022222
2 0.504687 0.580556 0.028125 0.027778
5 0.925781 0.577778 0.148438 0.127778
0 0.246875 0.593056 0.012500 0.069444
2 0.297656 0.588889 0.048438 0.050000
2 0.267188 0.593056 0.028125 0.036111
2 0.068750 0.598611 0.025000 0.030556
2 0.338281 0.586111 0.032813 0.038889
2 0.242969 0.586111 0.029687 0.027778
0 0.291406 0.594444 0.020313 0.061111
