3 0.427344 0.605386 0.195312 0.573770
3 0.761719 0.193208 0.029687 0.044496
3 0.685156 0.154567 0.010937 0.028103
0 0.448437 0.392272 0.231250 0.690867
0 0.580469 0.160422 0.060937 0.105386
0 0.514844 0.176815 0.054688 0.105386
0 0.792188 0.153396 0.050000 0.161593
0 0.647656 0.153396 0.023438 0.077283
0 0.721875 0.144028 0.025000 0.072600
0 0.822656 0.139344 0.020313 0.067916
0 0.682813 0.139344 0.012500 0.044496
0 0.603125 0.144028 0.015625 0.030445
3 0.976562 0.188525 0.046875 0.124122
0 0.698438 0.134660 0.012500 0.035129
3 0.819531 0.170960 0.017188 0.037471
0 0.535156 0.172131 0.032813 0.072600
0 0.833594 0.142857 0.010937 0.028103
3 0.577344 0.211944 0.079687 0.091335
3 0.793750 0.218970 0.040625 0.086651
3 0.650000 0.176815 0.025000 0.058548
3 0.723437 0.169789 0.015625 0.039813
