6 0.440625 0.548009 0.306250 0.454333
0 0.401562 0.496487 0.037500 0.060890
5 0.127344 0.535129 0.107813 0.128806
2 0.743750 0.619438 0.109375 0.133489
2 0.936719 0.667447 0.126562 0.140515
2 0.054688 0.606557 0.103125 0.173302
5 0.059375 0.605386 0.096875 0.161593
5 0.650000 0.601874 0.106250 0.131148
0 0.361719 0.515222 0.017188 0.023419
2 0.857031 0.653396 0.107813 0.126464
2 0.788281 0.639344 0.110937 0.117096
2 0.038281 0.647541 0.076563 0.231850
2 0.500781 0.645199 0.998437 0.236534
2 0.229687 0.447307 0.015625 0.023419
2 0.085938 0.484778 0.037500 0.042155
2 0.190625 0.503513 0.025000 0.042155
2 0.646094 0.601874 0.101562 0.131148
2 0.099219 0.464871 0.020313 0.016393
