3 0.517188 0.521176 0.890625 0.797647
3 0.811719 0.380000 0.376563 0.416471
3 0.121094 0.154118 0.060937 0.096471
0 0.774219 0.174118 0.035937 0.136471
0 0.332031 0.071765 0.029687 0.143529
0 0.737500 0.134118 0.037500 0.065882
0 0.700781 0.124706 0.029687 0.065882
0 0.374219 0.076471 0.032813 0.134118
0 0.277344 0.071765 0.035937 0.143529
0 0.236719 0.071765 0.035937 0.143529
0 0.707031 0.176471 0.076563 0.098824
0 0.503125 0.148235 0.040625 0.230588
0 0.258594 0.032941 0.014063 0.047059
0 0.214844 0.032941 0.017188 0.042353
0 0.657813 0.141176 0.043750 0.089412
0 0.352344 0.023529 0.014063 0.047059
0 0.569531 0.116471 0.732812 0.223529
