3 0.367188 0.856132 0.146875 0.278302
0 0.351562 0.621462 0.275000 0.752358
0 0.338281 0.147406 0.073438 0.148585
2 0.242969 0.482311 0.232813 0.544811
2 0.089063 0.293632 0.178125 0.261792
0 0.416406 0.088443 0.026562 0.063679
0 0.467969 0.087264 0.032813 0.056604
0 0.386719 0.119104 0.035937 0.096698
0 0.319531 0.116745 0.048438 0.125000
0 0.338281 0.431604 0.279687 0.438679
0 0.106250 0.165094 0.021875 0.033019
2 0.037500 0.133255 0.075000 0.101415
0 0.180469 0.303066 0.098437 0.125000
2 0.263281 0.193396 0.076563 0.136792
5 0.637500 0.497642 0.496875 0.754717
