2 0.342187 0.612412 0.068750 0.096019
2 0.078125 0.577283 0.025000 0.035129
2 0.153125 0.572600 0.031250 0.044496
2 0.207031 0.604215 0.070312 0.065574
0 0.401562 0.638173 0.175000 0.203747
0 0.660156 0.735363 0.167187 0.285714
4 0.912500 0.511710 0.175000 0.152225
0 0.348438 0.653396 0.040625 0.103044
0 0.968750 0.685012 0.062500 0.259953
0 0.826562 0.857143 0.146875 0.262295
0 0.198437 0.820843 0.278125 0.358314
0 0.889062 0.663934 0.043750 0.156909
0 0.170313 0.570258 0.012500 0.049180
0 0.123438 0.572600 0.021875 0.049180
0 0.099219 0.573770 0.014063 0.046838
