2 0.505469 0.559197 0.129688 0.145877
2 0.858594 0.959831 0.282813 0.059197
2 0.017969 0.583510 0.035937 0.131078
2 0.650000 0.540169 0.050000 0.065539
4 0.300781 0.567653 0.304688 0.788584
0 0.332813 0.621564 0.037500 0.067653
0 0.401562 0.637421 0.046875 0.061311
0 0.394531 0.347780 0.048438 0.065539
0 0.330469 0.341438 0.045312 0.073996
0 0.221875 0.341438 0.081250 0.069767
0 0.376563 0.318182 0.046875 0.052854
0 0.259375 0.330867 0.059375 0.086681
0 0.529687 0.520085 0.028125 0.033827
0 0.476562 0.526427 0.025000 0.016913
0 0.234375 0.603594 0.075000 0.103594
2 0.555469 0.533827 0.120313 0.128964
2 0.010156 0.735729 0.017188 0.114165
2 0.133594 0.752643 0.045312 0.198732
