0 0.297656 0.861458 0.185938 0.252083
0 0.547656 0.801042 0.248438 0.397917
0 0.865625 0.766667 0.043750 0.108333
0 0.060156 0.725000 0.029687 0.104167
0 0.025000 0.703125 0.031250 0.077083
1 0.054688 0.770833 0.100000 0.075000
2 0.214062 0.737500 0.131250 0.066667
0 0.837500 0.804167 0.078125 0.162500
2 0.113281 0.693750 0.079687 0.050000
2 0.302344 0.720833 0.076563 0.037500
2 0.092969 0.723958 0.117188 0.102083
0 0.691406 0.744792 0.160938 0.272917
0 0.950000 0.758333 0.075000 0.095833
0 0.046875 0.722917 0.021875 0.079167
