1 0.210156 0.664938 0.123438 0.188797
0 0.320312 0.466805 0.084375 0.307054
0 0.185156 0.543568 0.154688 0.452282
0 0.049219 0.543568 0.098437 0.406639
0 0.664844 0.603734 0.142187 0.410788
0 0.739844 0.745851 0.276562 0.329876
0 0.097656 0.506224 0.076563 0.385892
0 0.383594 0.459544 0.079687 0.234440
0 0.523438 0.414938 0.046875 0.182573
0 0.467187 0.413900 0.046875 0.205394
0 0.980469 0.344398 0.039062 0.078838
0 0.403125 0.330913 0.053125 0.076763
0 0.497656 0.422199 0.039062 0.176349
1 0.338281 0.513485 0.032813 0.114108
3 0.443750 0.664938 0.290625 0.325726
2 0.544531 0.328838 0.085938 0.064315
0 0.753125 0.562241 0.150000 0.269710
0 0.495312 0.438797 0.896875 0.300830
