1 0.646875 0.764637 0.034375 0.067916
2 0.753906 0.640515 0.060937 0.039813
0 0.159375 0.694379 0.028125 0.124122
0 0.194531 0.669789 0.020313 0.056206
0 0.924219 0.663934 0.029687 0.105386
0 0.485156 0.629977 0.010937 0.023419
0 0.015625 0.663934 0.015625 0.058548
0 0.032031 0.656909 0.017188 0.039813
0 0.049219 0.653396 0.020313 0.046838
0 0.496094 0.631148 0.007812 0.021077
0 0.803906 0.627635 0.007812 0.032787
0 0.469531 0.662763 0.014063 0.032787
0 0.705469 0.662763 0.014063 0.018735
0 0.278906 0.659251 0.026562 0.044496
0 0.794531 0.641686 0.010937 0.028103
