2 0.240625 0.723464 0.181250 0.100559
2 0.489844 0.717877 0.170313 0.128492
2 0.052344 0.719274 0.104688 0.153631
2 0.911719 0.738827 0.176563 0.187151
0 0.826562 0.787709 0.187500 0.424581
0 0.349219 0.720670 0.026562 0.134078
0 0.600000 0.724860 0.031250 0.086592
0 0.614844 0.713687 0.010937 0.047486
0 0.628125 0.719274 0.009375 0.047486
0 0.338281 0.713687 0.010937 0.075419
2 0.370312 0.720670 0.021875 0.061453
2 0.375781 0.712291 0.035937 0.067039
2 0.403125 0.716480 0.012500 0.041899
5 0.158594 0.703911 0.060937 0.078212
0 0.082031 0.684358 0.010937 0.061453
