2 0.881250 0.322917 0.068750 0.116667
0 0.079687 0.391667 0.159375 0.441667
0 0.089844 0.248958 0.173437 0.189583
0 0.397656 0.365625 0.320312 0.222917
0 0.821875 0.373958 0.075000 0.181250
0 0.630469 0.298958 0.017188 0.060417
0 0.680469 0.316667 0.023438 0.079167
0 0.752344 0.306250 0.017188 0.095833
0 0.113281 0.311458 0.082812 0.177083
5 0.514062 0.247917 0.168750 0.158333
5 0.351562 0.163542 0.178125 0.035417
0 0.611719 0.302083 0.045312 0.066667
2 0.646094 0.284375 0.029687 0.027083
0 0.346094 0.275000 0.060937 0.116667
0 0.307812 0.251042 0.009375 0.022917
0 0.444531 0.241667 0.073438 0.075000
0 0.363281 0.305208 0.057813 0.085417
0 0.585938 0.410417 0.825000 0.366667
