1 0.193750 0.764192 0.290625 0.253275
0 0.721875 0.551310 0.056250 0.246725
0 0.507812 0.570961 0.046875 0.224891
0 0.835156 0.746725 0.164062 0.493450
0 0.023438 0.632096 0.046875 0.259825
0 0.766406 0.531659 0.035937 0.189956
0 0.693750 0.521834 0.040625 0.213974
0 0.658594 0.504367 0.039062 0.174672
0 0.021094 0.495633 0.042188 0.100437
0 0.432031 0.521834 0.048438 0.213974
0 0.331250 0.584061 0.075000 0.268559
0 0.175000 0.694323 0.106250 0.462882
0 0.155469 0.581878 0.064062 0.312227
0 0.234375 0.546943 0.056250 0.207424
0 0.510938 0.540393 0.975000 0.504367
