0 0.727804 0.941406 0.039720 0.092188
0 0.477804 0.937500 0.039720 0.071875
0 0.185748 0.975000 0.091121 0.050000
0 0.570093 0.939063 0.042056 0.075000
0 0.595794 0.925781 0.023364 0.045312
0 0.338785 0.978125 0.084112 0.040625
0 0.504673 0.918750 0.023364 0.040625
1 0.779206 0.943750 0.039720 0.021875
0 0.768692 0.928125 0.028037 0.046875
0 0.788551 0.903125 0.011682 0.012500
0 0.711449 0.897656 0.002336 0.004687
0 0.412383 0.922656 0.049065 0.064062
0 0.073598 0.977344 0.100467 0.045312
0 0.405374 0.940625 0.810748 0.115625
