2 0.081250 0.314988 0.056250 0.063232
2 0.168750 0.316159 0.062500 0.070258
2 0.125781 0.316159 0.035937 0.051522
2 0.403125 0.374707 0.196875 0.168618
2 0.037500 0.313817 0.037500 0.037471
2 0.014063 0.305621 0.028125 0.035129
3 0.157031 0.557377 0.170313 0.341920
3 0.523438 0.734192 0.343750 0.531616
3 0.718750 0.603044 0.250000 0.526932
0 0.178125 0.508197 0.218750 0.388759
0 0.248438 0.427400 0.128125 0.255269
0 0.501563 0.654567 0.284375 0.672131
0 0.460156 0.331382 0.092188 0.152225
0 0.722656 0.484778 0.223438 0.515222
0 0.566406 0.399297 0.054688 0.283372
0 0.609375 0.327869 0.059375 0.168618
0 0.514062 0.339578 0.056250 0.252927
0 0.543750 0.374707 0.031250 0.238876
3 0.892969 0.555035 0.214062 0.360656
0 0.812500 0.322014 0.021875 0.067916
3 0.247656 0.457845 0.092188 0.264637
3 0.884375 0.373536 0.071875 0.119438
3 0.784375 0.375878 0.096875 0.081967
3 0.917188 0.373536 0.140625 0.208431
3 0.810156 0.338407 0.070312 0.067916
3 0.989844 0.368852 0.020313 0.128806
0 0.218750 0.290398 0.012500 0.023419
0 0.897656 0.316159 0.042188 0.070258
