1 0.353125 0.527083 0.040625 0.095833
0 0.435937 0.507292 0.071875 0.293750
0 0.347656 0.483333 0.060937 0.191667
0 0.264062 0.542708 0.009375 0.043750
0 0.117188 0.542708 0.046875 0.152083
0 0.083594 0.537500 0.042188 0.150000
0 0.501563 0.505208 0.037500 0.047917
0 0.679688 0.560417 0.059375 0.158333
0 0.719531 0.560417 0.032813 0.187500
0 0.544531 0.440625 0.035937 0.068750
0 0.293750 0.529167 0.034375 0.100000
0 0.477344 0.501042 0.023438 0.056250
0 0.577344 0.467708 0.032813 0.077083
1 0.799219 0.581250 0.057813 0.062500
5 0.612500 0.514583 0.218750 0.179167
