0 0.514844 0.610070 0.448437 0.779859
0 0.934375 0.556206 0.056250 0.156909
0 0.168750 0.269321 0.043750 0.070258
0 0.338281 0.278689 0.060937 0.112412
0 0.836719 0.583138 0.079687 0.107728
0 0.283594 0.343091 0.064062 0.128806
0 0.617188 0.265808 0.059375 0.096019
0 0.553125 0.140515 0.065625 0.154567
0 0.378125 0.605386 0.081250 0.077283
0 0.094531 0.388759 0.054688 0.098361
0 0.228906 0.430913 0.060937 0.163934
0 0.037500 0.461358 0.059375 0.135831
0 0.813281 0.517564 0.064062 0.098361
0 0.500000 0.348946 0.996875 0.697892
