3 0.511719 0.566794 0.842187 0.744275
0 0.866406 0.485687 0.095312 0.185115
0 0.618750 0.230916 0.062500 0.110687
0 0.265625 0.225191 0.071875 0.076336
0 0.608594 0.194656 0.051562 0.103053
0 0.482031 0.399809 0.367188 0.776718
0 0.025000 0.322519 0.050000 0.232824
0 0.071875 0.249046 0.046875 0.112595
0 0.039062 0.168893 0.078125 0.082061
0 0.764844 0.500000 0.082812 0.145038
0 0.095312 0.319656 0.081250 0.131679
0 0.456250 0.416031 0.046875 0.118321
0 0.148438 0.433206 0.059375 0.206107
0 0.155469 0.382634 0.070312 0.181298
0 0.500000 0.316794 0.996875 0.538168
