0 0.612500 0.748260 0.025000 0.099768
0 0.390625 0.761021 0.015625 0.064965
0 0.246875 0.689095 0.012500 0.041763
0 0.348438 0.745940 0.012500 0.039443
0 0.506250 0.705336 0.009375 0.060325
0 0.248438 0.737819 0.018750 0.051044
5 0.975781 0.587007 0.048438 0.032483
0 0.263281 0.697216 0.010937 0.016241
0 0.627344 0.765661 0.014063 0.064965
0 0.731250 0.664733 0.012500 0.044084
0 0.766406 0.669374 0.014063 0.039443
0 0.783594 0.667053 0.007812 0.034803
2 0.984375 0.596288 0.031250 0.018561
0 0.620313 0.625290 0.006250 0.020882
0 0.747656 0.676334 0.007812 0.025522
0 0.498437 0.638051 0.975000 0.227378
