2 0.742708 0.580469 0.156250 0.076563
2 0.605208 0.554688 0.056250 0.028125
2 0.566667 0.549219 0.020833 0.017188
2 0.545833 0.542969 0.025000 0.014063
0 0.401042 0.550781 0.031250 0.070312
0 0.517708 0.549219 0.014583 0.029687
0 0.506250 0.548438 0.012500 0.028125
0 0.491667 0.548438 0.016667 0.028125
2 0.965625 0.557031 0.068750 0.029687
2 0.003125 0.551562 0.006250 0.021875
2 0.081250 0.544531 0.037500 0.020313
2 0.050000 0.546875 0.050000 0.025000
2 0.020833 0.547656 0.041667 0.026562
2 0.579167 0.551562 0.016667 0.021875
2 0.685417 0.542188 0.025000 0.009375
2 0.098958 0.543750 0.060417 0.028125
