1 0.939000 0.953593 0.114000 0.092814
0 0.882000 0.769461 0.008000 0.053892
2 0.157000 0.889222 0.294000 0.221557
2 0.327000 0.889222 0.150000 0.221557
2 0.419000 0.862275 0.118000 0.161677
2 0.825000 0.755988 0.026000 0.032934
2 0.582000 0.818862 0.076000 0.104790
2 0.616000 0.809880 0.036000 0.086826
2 0.622000 0.799401 0.060000 0.095808
2 0.461000 0.827844 0.130000 0.170659
2 0.546000 0.835329 0.064000 0.125749
2 0.648000 0.791916 0.060000 0.092814
2 0.683000 0.787425 0.034000 0.065868
2 0.710000 0.770958 0.052000 0.074850
0 0.570000 0.757485 0.016000 0.023952
2 0.676000 0.790419 0.020000 0.059880
0 0.942000 0.844311 0.088000 0.311377
2 0.770000 0.778443 0.172000 0.095808
