0 0.440000 0.496997 0.160000 0.489489
0 0.166000 0.540541 0.124000 0.240240
0 0.119000 0.414414 0.062000 0.204204
0 0.932000 0.551051 0.092000 0.135135
0 0.842000 0.462462 0.068000 0.198198
0 0.892000 0.444444 0.028000 0.156156
0 0.700000 0.522523 0.164000 0.582583
0 0.034000 0.402402 0.060000 0.162162
0 0.221000 0.510511 0.122000 0.192192
0 0.259000 0.408408 0.070000 0.156156
0 0.200000 0.376877 0.060000 0.117117
0 0.159000 0.376877 0.042000 0.105105
0 0.073000 0.418919 0.046000 0.207207
3 0.389000 0.569069 0.326000 0.531532
3 0.677000 0.689189 0.430000 0.507508
0 0.499000 0.376877 0.998000 0.627628
