0 0.810156 0.928198 0.010937 0.054830
0 0.789844 0.913838 0.007812 0.031332
0 0.714063 0.930809 0.012500 0.044386
0 0.967187 0.926893 0.009375 0.041775
0 0.986719 0.926893 0.010937 0.046997
0 0.414062 0.909922 0.006250 0.028721
0 0.932031 0.930809 0.014063 0.039164
0 0.419531 0.915144 0.004687 0.018277
0 0.815625 0.920366 0.006250 0.023499
0 0.379688 0.912533 0.006250 0.028721
0 0.492188 0.911227 0.012500 0.026110
0 0.063281 0.894256 0.007812 0.018277
0 0.925781 0.916449 0.007812 0.036554
0 0.524219 0.920366 0.917188 0.138381
