2 0.032031 0.602113 0.064062 0.100939
3 0.435937 0.615023 0.275000 0.413146
0 0.465625 0.443662 0.184375 0.460094
0 0.817969 0.760563 0.045312 0.107981
0 0.680469 0.741784 0.026562 0.112676
0 0.911719 0.758216 0.032813 0.117371
5 0.031250 0.600939 0.062500 0.103286
0 0.771094 0.616197 0.014063 0.035211
3 0.763281 0.676056 0.057813 0.051643
0 0.755469 0.656103 0.017188 0.053991
0 0.810937 0.632629 0.015625 0.049296
0 0.782813 0.625587 0.015625 0.039906
3 0.814844 0.649061 0.026562 0.049296
3 0.829688 0.647887 0.021875 0.051643
3 0.789062 0.669014 0.028125 0.056338
5 0.119531 0.577465 0.139063 0.103286
3 0.570312 0.620892 0.046875 0.044601
