2 0.047656 0.719626 0.095312 0.074766
4 0.482812 0.524533 0.559375 0.745327
0 0.986719 0.726636 0.026562 0.280374
0 0.107031 0.705607 0.029687 0.093458
0 0.179688 0.704439 0.028125 0.095794
0 0.135937 0.707944 0.028125 0.088785
0 0.967187 0.662383 0.015625 0.067757
0 0.948438 0.657710 0.012500 0.077103
0 0.932813 0.636682 0.015625 0.053738
0 0.979688 0.651869 0.015625 0.046729
0 0.019531 0.699766 0.014063 0.021028
0 0.655469 0.589953 0.045312 0.142523
0 0.917188 0.767523 0.090625 0.268692
0 0.958594 0.635514 0.007812 0.014019
2 0.196875 0.721963 0.021875 0.046729
2 0.117969 0.718458 0.010937 0.039720
0 0.010937 0.698598 0.009375 0.023364
