2 0.956250 0.786385 0.084375 0.084507
2 0.028906 0.814554 0.048438 0.112676
2 0.883594 0.731221 0.045312 0.044601
4 0.461719 0.795775 0.767188 0.281690
4 0.930469 0.694836 0.085938 0.093897
0 0.949219 0.721831 0.017188 0.044601
0 0.853125 0.760563 0.025000 0.084507
0 0.357812 0.747653 0.037500 0.091549
0 0.884375 0.829812 0.034375 0.138498
0 0.835156 0.757042 0.014063 0.077465
0 0.012500 0.840376 0.025000 0.154930
0 0.011719 0.738263 0.014063 0.044601
0 0.261719 0.626761 0.014063 0.032864
0 0.864844 0.707746 0.010937 0.016432
2 0.935156 0.744131 0.060937 0.061033
0 0.957031 0.730047 0.007812 0.023474
0 0.841406 0.705399 0.007812 0.016432
2 0.850781 0.734742 0.051562 0.046948
2 0.717187 0.884977 0.187500 0.169014
0 0.925781 0.727700 0.032813 0.056338
0 0.741406 0.833333 0.020313 0.023474
2 0.988281 0.698357 0.023438 0.021127
0 0.529687 0.752347 0.462500 0.091549
