3 0.361719 0.515424 0.179688 0.197943
3 0.196094 0.502571 0.179688 0.167095
3 0.948438 0.505141 0.075000 0.131105
3 0.577344 0.489717 0.064062 0.115681
3 0.429688 0.462725 0.037500 0.082262
0 0.898438 0.199229 0.028125 0.100257
0 0.205469 0.439589 0.092188 0.303342
0 0.042188 0.406170 0.075000 0.313625
0 0.130469 0.365039 0.064062 0.246787
0 0.310937 0.320051 0.025000 0.115681
0 0.187500 0.203085 0.021875 0.056555
0 0.361719 0.420308 0.107813 0.249357
0 0.500000 0.435733 0.103125 0.259640
0 0.382812 0.385604 0.050000 0.123393
0 0.930469 0.461440 0.067187 0.223650
0 0.724219 0.335476 0.023438 0.115681
0 0.243750 0.330334 0.084375 0.172237
3 0.516406 0.489717 0.107813 0.182519
3 0.367188 0.419023 0.037500 0.051414
0 0.574219 0.435733 0.076563 0.223650
0 0.451562 0.260925 0.843750 0.326478
