4 0.472656 0.528103 0.832812 0.920375
0 0.792969 0.288056 0.123438 0.360656
0 0.681250 0.809133 0.140625 0.353630
0 0.850000 0.790398 0.171875 0.419204
0 0.606250 0.535129 0.065625 0.072600
0 0.260937 0.221311 0.031250 0.049180
0 0.303906 0.244731 0.020313 0.081967
0 0.080469 0.639344 0.020313 0.060890
0 0.385156 0.200234 0.026562 0.025761
0 0.333594 0.223653 0.032813 0.105386
0 0.532031 0.126464 0.026562 0.051522
0 0.600000 0.127635 0.037500 0.049180
0 0.867969 0.679157 0.104688 0.060890
0 0.307812 0.570258 0.040625 0.039813
0 0.472656 0.778689 0.942187 0.353630
