2 0.063281 0.705696 0.054688 0.056962
2 0.139844 0.700949 0.076563 0.053797
2 0.920312 0.686709 0.034375 0.075949
2 0.892969 0.666139 0.026562 0.047468
3 0.883594 0.718354 0.014063 0.044304
0 0.145313 0.719937 0.021875 0.136076
0 0.844531 0.781646 0.045312 0.202532
0 0.954688 0.721519 0.021875 0.145570
0 0.885938 0.686709 0.021875 0.069620
0 0.352344 0.719937 0.023438 0.142405
0 0.339062 0.718354 0.018750 0.139241
0 0.246875 0.727848 0.015625 0.120253
0 0.031250 0.712025 0.012500 0.107595
0 0.989844 0.719937 0.020313 0.161392
2 0.195312 0.694620 0.034375 0.034810
2 0.280469 0.680380 0.057813 0.044304
2 0.100781 0.702532 0.032813 0.056962
2 0.553906 0.655063 0.023438 0.018987
4 0.163281 0.664557 0.085938 0.088608
4 0.252344 0.643987 0.070312 0.047468
5 0.223438 0.681962 0.059375 0.047468
5 0.078125 0.650316 0.078125 0.060127
0 0.011719 0.712025 0.017188 0.120253
2 0.610156 0.672468 0.035937 0.041139
2 0.367969 0.674051 0.029687 0.025316
2 0.228906 0.672468 0.048438 0.034810
2 0.227344 0.688291 0.020313 0.034810
0 0.022656 0.715190 0.020313 0.107595
1 0.843750 0.867089 0.018750 0.120253
