5 0.549219 0.705208 0.320312 0.256250
5 0.896094 0.700000 0.204687 0.133333
0 0.273438 0.859375 0.112500 0.281250
0 0.391406 0.762500 0.045312 0.166667
0 0.346875 0.754167 0.034375 0.125000
0 0.425000 0.763542 0.025000 0.152083
0 0.474219 0.782292 0.051562 0.160417
0 0.902344 0.726042 0.023438 0.089583
0 0.203125 0.715625 0.015625 0.077083
0 0.509375 0.772917 0.031250 0.154167
0 0.135937 0.729167 0.031250 0.100000
0 0.227344 0.717708 0.023438 0.081250
0 0.363281 0.753125 0.023438 0.143750
0 0.313281 0.729167 0.032813 0.083333
5 0.905469 0.836458 0.189062 0.327083
5 0.196094 0.688542 0.220312 0.122917
5 0.758594 0.681250 0.039062 0.029167
0 0.850000 0.725000 0.021875 0.083333
0 0.502344 0.812500 0.954688 0.370833
