1 0.713281 0.898958 0.207813 0.197917
1 0.501563 0.910417 0.231250 0.179167
1 0.239063 0.914583 0.340625 0.170833
1 0.924219 0.910417 0.151562 0.179167
1 0.742188 0.689583 0.206250 0.045833
1 0.484375 0.685417 0.012500 0.045833
5 0.115625 0.633333 0.231250 0.308333
0 0.471094 0.639583 0.004687 0.025000
0 0.605469 0.665625 0.026562 0.110417
0 0.584375 0.668750 0.021875 0.100000
0 0.450781 0.665625 0.039062 0.122917
0 0.632031 0.669792 0.026562 0.143750
0 0.620313 0.642708 0.012500 0.068750
0 0.656250 0.630208 0.012500 0.043750
0 0.492188 0.657292 0.025000 0.102083
0 0.835156 0.651042 0.014063 0.110417
0 0.900000 0.639583 0.009375 0.066667
0 0.303906 0.660417 0.017188 0.066667
1 0.807031 0.683333 0.076563 0.058333
1 0.852344 0.660417 0.023438 0.033333
1 0.682031 0.686458 0.023438 0.031250
1 0.878125 0.652083 0.031250 0.050000
1 0.911719 0.661458 0.020313 0.027083
0 0.819531 0.653125 0.023438 0.135417
1 0.701562 0.683333 0.018750 0.033333
0 0.247656 0.677083 0.042188 0.116667
1 0.927344 0.660417 0.017188 0.025000
1 0.291406 0.953125 0.089063 0.085417
0 0.605469 0.667708 0.726562 0.264583
