2 0.146094 0.829167 0.285938 0.316667
2 0.307812 0.858333 0.112500 0.258333
2 0.434375 0.855208 0.084375 0.231250
2 0.866406 0.771875 0.167187 0.143750
0 0.578125 0.877083 0.071875 0.208333
0 0.845313 0.797917 0.068750 0.241667
0 0.955469 0.831250 0.085938 0.337500
2 0.257812 0.703125 0.034375 0.047917
2 0.598437 0.783333 0.025000 0.020833
2 0.066406 0.886458 0.132812 0.197917
2 0.527344 0.790625 0.007812 0.077083
4 0.395313 0.773958 0.265625 0.335417
0 0.701562 0.811458 0.087500 0.327083
0 0.682813 0.715625 0.037500 0.106250
