2 0.121094 0.704167 0.242188 0.213889
2 0.366406 0.663889 0.139063 0.133333
4 0.713281 0.495833 0.351562 0.902778
0 0.943750 0.745833 0.059375 0.325000
0 0.977344 0.695833 0.039062 0.230556
0 0.880469 0.688889 0.032813 0.211111
0 0.207813 0.618056 0.031250 0.086111
4 0.313281 0.558333 0.167187 0.233333
0 0.047656 0.588889 0.017188 0.055556
0 0.909375 0.704167 0.034375 0.241667
0 0.082031 0.584722 0.023438 0.041667
0 0.980469 0.612500 0.017188 0.052778
4 0.486719 0.562500 0.110937 0.219444
0 0.800000 0.680556 0.025000 0.055556
