5 0.498437 0.503513 0.718750 0.843091
0 0.941406 0.819672 0.117188 0.154567
0 0.928906 0.736534 0.042188 0.185012
0 0.873437 0.699063 0.031250 0.133489
0 0.972656 0.714286 0.029687 0.121780
0 0.856250 0.775176 0.112500 0.163934
0 0.889062 0.817330 0.075000 0.149883
0 0.146875 0.786885 0.031250 0.065574
0 0.100000 0.744731 0.025000 0.140515
0 0.126562 0.748244 0.028125 0.142857
0 0.921094 0.844262 0.035937 0.100703
0 0.774219 0.784543 0.017188 0.131148
0 0.802344 0.776347 0.032813 0.124122
0 0.143750 0.729508 0.021875 0.067916
0 0.292187 0.618267 0.581250 0.393443
