1 0.159751 0.841406 0.307054 0.285938
1 0.407676 0.650781 0.097510 0.026562
1 0.589212 0.644531 0.095436 0.029687
1 0.697095 0.787500 0.414938 0.228125
2 0.151452 0.569531 0.020747 0.004687
2 0.619295 0.554688 0.010373 0.003125
2 0.348548 0.563281 0.029046 0.007812
0 0.241701 0.680469 0.035270 0.042188
0 0.322614 0.675781 0.022822 0.029687
0 0.387967 0.704688 0.041494 0.034375
0 0.443983 0.703906 0.024896 0.029687
0 0.514523 0.703125 0.037344 0.037500
0 0.637967 0.679688 0.051867 0.053125
0 0.707469 0.693750 0.049793 0.078125
0 0.939834 0.710156 0.037344 0.032813
0 0.606846 0.675000 0.031120 0.043750
0 0.872407 0.707031 0.043568 0.045312
0 0.914938 0.688281 0.033195 0.042188
1 0.307054 0.652344 0.082988 0.032813
0 0.854772 0.671875 0.024896 0.028125
2 0.157676 0.564063 0.024896 0.006250
0 0.893154 0.671094 0.022822 0.026562
1 0.943983 0.836719 0.112033 0.142187
0 0.529046 0.721875 0.937759 0.175000
