0 0.429000 0.304913 0.286000 0.378613
0 0.645000 0.228324 0.150000 0.341040
0 0.915000 0.063584 0.070000 0.127168
0 0.827000 0.082370 0.082000 0.147399
0 0.189000 0.095376 0.074000 0.190751
0 0.337000 0.095376 0.082000 0.115607
0 0.107000 0.099711 0.086000 0.199422
0 0.736000 0.083815 0.056000 0.167630
0 0.512000 0.067919 0.068000 0.135838
1 0.568000 0.083815 0.052000 0.104046
1 0.374000 0.085260 0.200000 0.170520
0 0.677000 0.052023 0.074000 0.104046
0 0.400000 0.075145 0.056000 0.150289
0 0.486000 0.141618 0.092000 0.184971
0 0.578000 0.086705 0.048000 0.173410
