1 0.500000 0.716258 0.028125 0.076687
1 0.509375 0.719325 0.021875 0.070552
0 0.087500 0.748466 0.028125 0.134969
0 0.059375 0.771472 0.015625 0.064417
0 0.031250 0.779141 0.012500 0.036810
0 0.242188 0.720859 0.031250 0.079755
0 0.292187 0.728528 0.009375 0.052147
0 0.336719 0.705521 0.026562 0.098160
0 0.434375 0.661043 0.018750 0.088957
0 0.575781 0.690184 0.014063 0.061350
0 0.007031 0.760736 0.014063 0.073620
0 0.145313 0.638037 0.012500 0.067485
0 0.367969 0.731595 0.017188 0.076687
0 0.636719 0.670245 0.020313 0.082822
0 0.191406 0.740798 0.017188 0.070552
0 0.463281 0.690184 0.679688 0.177914
