0 0.686719 0.572198 0.010937 0.023707
0 0.658594 0.579741 0.007812 0.021552
0 0.634375 0.577586 0.006250 0.021552
0 0.561719 0.568966 0.004687 0.012931
0 0.425000 0.581897 0.009375 0.034483
0 0.792969 0.560345 0.007812 0.017241
6 0.325781 0.549569 0.389062 0.099138
0 0.665625 0.576509 0.009375 0.032328
0 0.641406 0.578664 0.004687 0.028017
0 0.402344 0.582974 0.010937 0.036638
0 0.610156 0.573276 0.007812 0.034483
0 0.625781 0.576509 0.010937 0.036638
0 0.648438 0.580819 0.006250 0.028017
0 0.592969 0.578664 0.007812 0.028017
0 0.456250 0.557112 0.281250 0.066810
