0 0.215457 0.633594 0.009368 0.039062
0 0.362998 0.608594 0.131148 0.079687
0 0.468384 0.614062 0.018735 0.037500
0 0.517564 0.561719 0.014052 0.014063
0 0.278689 0.620313 0.023419 0.040625
0 0.610070 0.543750 0.021077 0.037500
0 0.320843 0.659375 0.023419 0.040625
0 0.343091 0.660156 0.021077 0.032813
0 0.549180 0.569531 0.021077 0.042188
0 0.249415 0.604688 0.016393 0.028125
0 0.512881 0.746875 0.023419 0.040625
0 0.583138 0.940625 0.032787 0.056250
0 0.649883 0.957812 0.016393 0.015625
0 0.414520 0.746094 0.491803 0.504687
