3 0.493750 0.411458 0.987500 0.822917
0 0.367969 0.191667 0.198437 0.375000
3 0.214844 0.280208 0.126562 0.164583
3 0.060156 0.323958 0.114062 0.189583
3 0.910937 0.247917 0.178125 0.333333
0 0.085938 0.185417 0.040625 0.104167
0 0.895312 0.100000 0.059375 0.158333
0 0.475781 0.120833 0.035937 0.079167
0 0.495312 0.123958 0.021875 0.077083
0 0.455469 0.104167 0.017188 0.025000
0 0.186719 0.143750 0.054688 0.158333
0 0.628125 0.091667 0.021875 0.075000
0 0.132812 0.156250 0.025000 0.054167
0 0.167187 0.101042 0.025000 0.089583
0 0.561719 0.125000 0.139063 0.245833
0 0.759375 0.300000 0.200000 0.595833
