2 0.194531 0.663934 0.067187 0.063232
4 0.533594 0.498829 0.470313 0.833724
4 0.132812 0.611241 0.059375 0.140515
0 0.113281 0.647541 0.032813 0.067916
0 0.041406 0.667447 0.035937 0.056206
0 0.063281 0.707260 0.032813 0.168618
2 0.260937 0.658080 0.093750 0.074941
2 0.880469 0.690867 0.239063 0.290398
2 0.247656 0.618267 0.060937 0.037471
0 0.028125 0.637002 0.018750 0.065574
0 0.095312 0.702576 0.037500 0.140515
0 0.307812 0.647541 0.012500 0.100703
4 0.887500 0.514052 0.225000 0.217799
0 0.283594 0.647541 0.023438 0.091335
0 0.789062 0.446136 0.009375 0.016393
5 0.878125 0.692037 0.243750 0.292740
0 0.950781 0.433255 0.029687 0.037471
0 0.895312 0.442623 0.012500 0.032787
0 0.830469 0.449649 0.020313 0.032787
