4 0.202344 0.189696 0.185938 0.379391
4 0.057813 0.199063 0.115625 0.398126
5 0.066406 0.581967 0.129688 0.807963
0 0.482031 0.358314 0.045312 0.206089
0 0.439063 0.585480 0.106250 0.332553
0 0.364063 0.433255 0.068750 0.206089
0 0.844531 0.550351 0.082812 0.407494
0 0.931250 0.566745 0.084375 0.360656
0 0.718750 0.309133 0.046875 0.173302
0 0.367188 0.309133 0.046875 0.098361
0 0.475781 0.271663 0.029687 0.056206
0 0.539062 0.518735 0.084375 0.292740
1 0.367188 0.490632 0.056250 0.077283
0 0.644531 0.341920 0.039062 0.187354
0 0.832812 0.202576 0.031250 0.081967
1 0.447656 0.674473 0.267188 0.351288
0 0.621875 0.250585 0.021875 0.112412
0 0.677344 0.255269 0.039062 0.093677
0 0.638281 0.365340 0.710938 0.487119
