1 0.282031 0.556250 0.064062 0.162500
0 0.734375 0.516667 0.053125 0.208333
0 0.816406 0.506250 0.057813 0.212500
0 0.285938 0.493750 0.078125 0.179167
0 0.210156 0.592708 0.020313 0.064583
0 0.123438 0.606250 0.028125 0.075000
0 0.150000 0.607292 0.015625 0.039583
0 0.335156 0.579167 0.029687 0.083333
0 0.235156 0.611458 0.017188 0.031250
0 0.075781 0.609375 0.010937 0.035417
0 0.457813 0.376042 0.062500 0.097917
1 0.045312 0.625000 0.021875 0.029167
1 0.211719 0.609375 0.014063 0.039583
0 0.300000 0.575000 0.018750 0.095833
0 0.403125 0.436458 0.025000 0.035417
0 0.177344 0.589583 0.307812 0.108333
