6 0.621875 0.554156 0.693750 0.362720
0 0.146094 0.641058 0.010937 0.057935
0 0.177344 0.646096 0.014063 0.057935
0 0.763281 0.479849 0.010937 0.022670
0 0.212500 0.649874 0.015625 0.055416
0 0.195312 0.647355 0.012500 0.050378
0 0.250781 0.651134 0.007812 0.052897
0 0.065625 0.643577 0.012500 0.062972
0 0.033594 0.641058 0.020313 0.068010
0 0.014063 0.649874 0.021875 0.060453
0 0.227344 0.651134 0.017188 0.052897
0 0.103906 0.649874 0.010937 0.065491
0 0.263281 0.646096 0.007812 0.037783
0 0.114062 0.648615 0.009375 0.047859
