6 0.315625 0.515187 0.631250 0.511682
0 0.704688 0.341121 0.018750 0.074766
0 0.921094 0.443925 0.032813 0.060748
0 0.726562 0.378505 0.037500 0.088785
0 0.686719 0.330607 0.035937 0.063084
0 0.539844 0.165888 0.026562 0.126168
0 0.117188 0.151869 0.025000 0.112150
0 0.250781 0.117991 0.035937 0.063084
0 0.480469 0.143692 0.017188 0.063084
0 0.840625 0.329439 0.028125 0.070093
0 0.945312 0.529206 0.059375 0.226636
0 0.651563 0.522196 0.043750 0.165888
0 0.900000 0.531542 0.040625 0.198598
0 0.557813 0.172897 0.028125 0.112150
0 0.495312 0.275701 0.671875 0.355140
