0 0.672656 0.562500 0.032813 0.145833
0 0.539062 0.512500 0.006250 0.025000
0 0.153906 0.583333 0.029687 0.104167
0 0.864844 0.614583 0.067187 0.237500
0 0.753906 0.552083 0.023438 0.104167
0 0.833594 0.569792 0.042188 0.164583
0 0.092188 0.676042 0.134375 0.364583
0 0.446875 0.505208 0.006250 0.014583
0 0.514844 0.534375 0.017188 0.060417
0 0.632031 0.545833 0.029687 0.112500
0 0.727344 0.547917 0.020313 0.104167
0 0.782813 0.561458 0.031250 0.118750
0 0.593750 0.523958 0.018750 0.047917
0 0.718750 0.614583 0.468750 0.258333
