1 0.297000 0.669333 0.038000 0.144000
0 0.492000 0.593333 0.152000 0.669333
0 0.946000 0.449333 0.020000 0.104000
0 0.294000 0.452000 0.036000 0.157333
0 0.769000 0.558667 0.142000 0.541333
0 0.251000 0.512000 0.094000 0.400000
0 0.141000 0.450667 0.026000 0.144000
0 0.090000 0.473333 0.040000 0.104000
0 0.632000 0.518667 0.080000 0.386667
0 0.024000 0.472000 0.048000 0.314667
0 0.314000 0.445333 0.036000 0.149333
0 0.165000 0.457333 0.034000 0.141333
0 0.117000 0.454667 0.034000 0.141333
0 0.905000 0.444000 0.026000 0.104000
0 0.520000 0.456000 0.948000 0.224000
