2 0.525000 0.946269 0.058000 0.107463
2 0.678000 0.938806 0.096000 0.110448
2 0.416000 0.938806 0.044000 0.122388
2 0.513000 0.926866 0.082000 0.146269
2 0.463000 0.925373 0.034000 0.113433
2 0.499000 0.814925 0.034000 0.035821
4 0.964000 0.865672 0.072000 0.167164
4 0.435000 0.826866 0.038000 0.059701
0 0.901000 0.877612 0.018000 0.071642
2 0.484000 0.800000 0.028000 0.029851
2 0.440000 0.901493 0.040000 0.071642
2 0.422000 0.853731 0.024000 0.017910
2 0.458000 0.852239 0.036000 0.020896
2 0.443000 0.925373 0.022000 0.077612
2 0.533000 0.829851 0.026000 0.023881
5 0.656000 0.859701 0.056000 0.077612
0 0.183000 0.979104 0.030000 0.035821
