1 0.038281 0.548958 0.051562 0.072917
5 0.386719 0.755208 0.685937 0.464583
0 0.514844 0.535417 0.160938 0.195833
0 0.858594 0.472917 0.042188 0.112500
0 0.223438 0.480208 0.025000 0.102083
0 0.396875 0.462500 0.015625 0.079167
0 0.363281 0.457292 0.023438 0.089583
0 0.054688 0.473958 0.025000 0.089583
0 0.017188 0.470833 0.034375 0.100000
0 0.079687 0.452083 0.021875 0.062500
0 0.907031 0.489583 0.039062 0.137500
0 0.421094 0.481250 0.032813 0.050000
0 0.130469 0.452083 0.032813 0.070833
0 0.907813 0.454167 0.037500 0.070833
