3 0.547656 0.677986 0.482812 0.592506
0 0.585156 0.449649 0.176563 0.697892
0 0.126562 0.344262 0.053125 0.313817
0 0.075781 0.351288 0.060937 0.313817
0 0.172656 0.343091 0.045312 0.302108
0 0.209375 0.325527 0.053125 0.309133
0 0.254688 0.329040 0.046875 0.297424
0 0.298438 0.337237 0.046875 0.276347
0 0.344531 0.314988 0.051562 0.231850
0 0.382812 0.297424 0.043750 0.177986
0 0.240625 0.206089 0.021875 0.042155
0 0.875781 0.218970 0.045312 0.222482
0 0.899219 0.223653 0.035937 0.222482
0 0.834375 0.183841 0.034375 0.166276
0 0.500000 0.309133 0.996875 0.430913
