2 0.473438 0.153396 0.143750 0.058548
2 0.875000 0.080796 0.131250 0.096019
2 0.481250 0.108899 0.040625 0.049180
5 0.583594 0.154567 0.148438 0.060890
0 0.805469 0.488290 0.192188 0.461358
0 0.805469 0.141686 0.054688 0.142857
0 0.328125 0.139344 0.046875 0.128806
0 0.224219 0.427400 0.210938 0.442623
0 0.279687 0.134660 0.043750 0.128806
0 0.746875 0.129977 0.065625 0.128806
0 0.060937 0.120609 0.028125 0.049180
0 0.703906 0.182670 0.035937 0.140515
0 0.243750 0.149883 0.075000 0.154567
0 0.153906 0.176815 0.064062 0.124122
0 0.041406 0.103044 0.017188 0.051522
2 0.446094 0.105386 0.042188 0.032787
2 0.370312 0.125293 0.062500 0.100703
2 0.577344 0.112412 0.042188 0.032787
0 0.671094 0.151054 0.042188 0.067916
