3 0.601562 0.653125 0.040625 0.093750
3 0.579688 0.629167 0.021875 0.070833
0 0.388281 0.540625 0.042188 0.072917
0 0.420312 0.558333 0.121875 0.187500
0 0.953906 0.748958 0.092188 0.385417
0 0.317969 0.521875 0.076563 0.110417
0 0.875000 0.600000 0.021875 0.087500
0 0.850000 0.632292 0.018750 0.135417
0 0.606250 0.610417 0.053125 0.108333
0 0.364844 0.534375 0.029687 0.081250
2 0.981250 0.600000 0.037500 0.095833
0 0.888281 0.754167 0.073438 0.329167
2 0.017188 0.589583 0.034375 0.108333
3 0.044531 0.607292 0.029687 0.047917
0 0.846094 0.610417 0.042188 0.087500
0 0.585938 0.583333 0.018750 0.033333
