2 0.684375 0.555556 0.068750 0.094444
2 0.758594 0.493056 0.023438 0.047222
3 0.978906 0.631944 0.042188 0.191667
3 0.880469 0.598611 0.054688 0.141667
3 0.856250 0.581944 0.071875 0.130556
3 0.957812 0.611111 0.065625 0.166667
4 0.587500 0.481944 0.068750 0.108333
4 0.250000 0.498611 0.200000 0.247222
4 0.439063 0.505556 0.153125 0.172222
4 0.816406 0.481944 0.095312 0.125000
0 0.160156 0.541667 0.017188 0.116667
0 0.136719 0.545833 0.020313 0.108333
0 0.096875 0.550000 0.018750 0.111111
0 0.076563 0.548611 0.028125 0.136111
0 0.039844 0.556944 0.026562 0.136111
0 0.733594 0.487500 0.007812 0.030556
0 0.121875 0.550000 0.018750 0.122222
0 0.700781 0.488889 0.004687 0.033333
0 0.931250 0.506944 0.015625 0.052778
4 0.535156 0.493056 0.042188 0.119444
0 0.064844 0.552778 0.023438 0.122222
0 0.107031 0.516667 0.010937 0.055556
0 0.148438 0.534722 0.018750 0.108333
2 0.757031 0.630556 0.139063 0.177778
3 0.935156 0.629167 0.042188 0.136111
3 0.914062 0.631944 0.034375 0.113889
3 0.892969 0.633333 0.039062 0.111111
3 0.991406 0.702778 0.017188 0.072222
3 0.742969 0.504167 0.014063 0.036111
0 0.710938 0.480556 0.009375 0.027778
0 0.849219 0.494444 0.235937 0.083333
