1 0.100781 0.844952 0.029687 0.060096
1 0.465625 0.663462 0.015625 0.033654
1 0.232813 0.741587 0.021875 0.064904
2 0.504687 0.620192 0.050000 0.067308
2 0.514844 0.599760 0.039062 0.060096
3 0.798438 0.819712 0.056250 0.081731
3 0.171094 0.837740 0.067187 0.103365
3 0.146875 0.858173 0.059375 0.072115
2 0.539062 0.377404 0.009375 0.009615
2 0.806250 0.929087 0.087500 0.141827
2 0.319531 0.919471 0.107813 0.161058
2 0.122656 0.929087 0.114062 0.117788
0 0.515625 0.770433 0.031250 0.112981
0 0.450000 0.776442 0.037500 0.110577
0 0.398438 0.806490 0.025000 0.112981
0 0.375781 0.788462 0.026562 0.110577
0 0.309375 0.730769 0.021875 0.086538
0 0.366406 0.661058 0.014063 0.081731
0 0.401562 0.651442 0.012500 0.057692
0 0.426563 0.671875 0.018750 0.079327
0 0.400781 0.709135 0.026562 0.091346
0 0.455469 0.647837 0.017188 0.064904
2 0.361719 0.598558 0.042188 0.057692
2 0.842969 0.975962 0.110937 0.048077
2 0.324219 0.837740 0.101562 0.084135
2 0.579688 0.618990 0.040625 0.064904
3 0.175781 0.867788 0.020313 0.038462
5 0.460156 0.506010 0.054688 0.040865
5 0.321094 0.644231 0.057813 0.076923
0 0.632031 0.777644 0.035937 0.127404
0 0.559375 0.816106 0.018750 0.088942
1 0.617969 0.729567 0.345313 0.156250
1 0.239063 0.731971 0.018750 0.031250
1 0.267188 0.659856 0.018750 0.036058
2 0.324219 0.643029 0.057813 0.079327
0 0.676562 0.736779 0.028125 0.098558
2 0.685937 0.676683 0.056250 0.074519
3 0.403906 0.832933 0.020313 0.069712
5 0.054688 0.951923 0.109375 0.096154
2 0.528906 0.527644 0.317188 0.194712
0 0.515625 0.669471 0.928125 0.603365
