0 0.250542 0.911719 0.023861 0.042188
0 0.874187 0.903906 0.034707 0.039062
0 0.382863 0.908594 0.019523 0.035937
0 0.227766 0.906250 0.013015 0.028125
0 0.281996 0.903125 0.013015 0.021875
0 0.203905 0.904687 0.013015 0.025000
0 0.465293 0.899219 0.019523 0.039062
0 0.403471 0.908594 0.021692 0.032813
0 0.214751 0.905469 0.013015 0.029687
0 0.193059 0.905469 0.013015 0.026562
0 0.755965 0.901563 0.010846 0.015625
0 0.429501 0.904687 0.017354 0.040625
5 0.156182 0.896094 0.056399 0.057813
0 0.398048 0.910156 0.609544 0.039062
