0 0.324219 0.322464 0.029687 0.118357
0 0.628125 0.556763 0.112500 0.688406
0 0.474219 0.542271 0.189062 0.698068
0 0.730469 0.323671 0.048438 0.140097
0 0.810156 0.332126 0.026562 0.103865
0 0.023438 0.306763 0.037500 0.149758
0 0.041406 0.303140 0.026562 0.147343
0 0.921875 0.368357 0.053125 0.205314
0 0.872656 0.322464 0.010937 0.050725
0 0.851562 0.324879 0.012500 0.045894
0 0.517188 0.311594 0.059375 0.149758
1 0.929688 0.411836 0.068750 0.103865
0 0.835938 0.320048 0.015625 0.055556
0 0.268750 0.306763 0.015625 0.091787
