1 0.417187 0.564403 0.037500 0.159251
2 0.089063 0.450820 0.178125 0.297424
2 0.185938 0.365340 0.103125 0.131148
2 0.647656 0.409836 0.029687 0.135831
2 0.588281 0.378220 0.114062 0.138173
2 0.564063 0.475410 0.121875 0.271663
2 0.085938 0.297424 0.171875 0.103044
0 0.355469 0.522248 0.145313 0.824356
0 0.232031 0.489461 0.207813 0.894614
0 0.696875 0.511710 0.184375 0.779859
0 0.802344 0.552693 0.189062 0.772834
0 0.965625 0.457845 0.068750 0.367681
0 0.456250 0.362998 0.053125 0.215457
2 0.291406 0.323185 0.032813 0.098361
