1 0.720000 0.569333 0.084000 0.136000
1 0.672000 0.534667 0.044000 0.136000
2 0.716000 0.473333 0.156000 0.168000
2 0.842000 0.522667 0.128000 0.224000
0 0.896000 0.633333 0.204000 0.696000
0 0.223000 0.494667 0.446000 0.984000
0 0.564000 0.578667 0.120000 0.442667
0 0.635000 0.560000 0.102000 0.352000
0 0.410000 0.458667 0.024000 0.101333
0 0.501000 0.501333 0.050000 0.245333
0 0.384000 0.441333 0.036000 0.141333
0 0.432000 0.466667 0.036000 0.149333
0 0.345000 0.453333 0.022000 0.112000
0 0.327000 0.442667 0.026000 0.154667
0 0.356000 0.413333 0.024000 0.085333
2 0.467000 0.404000 0.058000 0.040000
0 0.424000 0.401333 0.016000 0.034667
