2 0.507812 0.576010 0.056250 0.049881
2 0.605469 0.578385 0.048438 0.087886
2 0.739062 0.586698 0.050000 0.080760
5 0.796094 0.571259 0.070312 0.111639
0 0.656250 0.671021 0.084375 0.406176
0 0.343750 0.675772 0.093750 0.372922
0 0.098437 0.623515 0.040625 0.273159
0 0.899219 0.635392 0.054688 0.235154
0 0.189062 0.554632 0.021875 0.059382
0 0.443750 0.549881 0.028125 0.078385
2 0.948438 0.578385 0.100000 0.130641
2 0.842969 0.586698 0.076563 0.090261
2 0.992969 0.592637 0.014063 0.102138
0 0.114844 0.567696 0.023438 0.109264
2 0.150000 0.549881 0.025000 0.035629
2 0.284375 0.561758 0.021875 0.026128
5 0.376563 0.532067 0.118750 0.114014
0 0.166406 0.554632 0.023438 0.059382
0 0.411719 0.693587 0.064062 0.313539
2 0.253125 0.577197 0.018750 0.033254
2 0.273438 0.573634 0.015625 0.026128
