2 0.227273 0.250000 0.451178 0.296875
2 0.627946 0.160156 0.228956 0.204687
3 0.463805 0.660937 0.227273 0.362500
0 0.523569 0.442969 0.350168 0.364063
0 0.474747 0.307812 0.171717 0.287500
0 0.849327 0.475000 0.301347 0.446875
0 0.949495 0.280469 0.070707 0.182812
0 0.829125 0.649219 0.341751 0.423438
0 0.744949 0.792969 0.510101 0.385937
0 0.845118 0.086719 0.040404 0.076563
0 0.979798 0.315625 0.040404 0.156250
0 0.320707 0.192969 0.055556 0.079687
0 0.910774 0.314063 0.094276 0.112500
2 0.095960 0.145313 0.191919 0.156250
2 0.691919 0.098437 0.111111 0.118750
2 0.855219 0.079687 0.148148 0.056250
2 0.787037 0.049219 0.048822 0.035937
2 0.594276 0.085156 0.121212 0.079687
2 0.562290 0.059375 0.013468 0.040625
2 0.821549 0.033594 0.023569 0.020313
5 0.382997 0.088281 0.361953 0.176563
2 0.226431 0.717969 0.452862 0.532813
0 0.178451 0.070312 0.047138 0.075000
0 0.787037 0.317969 0.156566 0.270313
