2 0.729688 0.605386 0.153125 0.161593
2 0.940625 0.593677 0.118750 0.133489
4 0.489844 0.516393 0.357812 0.203747
0 0.405469 0.604215 0.054688 0.131148
0 0.821875 0.658080 0.050000 0.266979
0 0.880469 0.606557 0.057813 0.168618
0 0.179688 0.562061 0.012500 0.060890
0 0.196875 0.558548 0.012500 0.053864
2 0.796875 0.528103 0.028125 0.025761
2 0.850781 0.537471 0.057813 0.044496
2 0.879687 0.508197 0.065625 0.018735
0 0.143750 0.594848 0.034375 0.084309
2 0.815625 0.543326 0.031250 0.056206
0 0.189844 0.565574 0.014063 0.053864
