1 0.922656 0.754098 0.145313 0.487705
3 0.581250 0.557377 0.362500 0.516393
4 0.024219 0.159836 0.042188 0.311475
5 0.092188 0.088115 0.096875 0.098361
0 0.596094 0.393443 0.232813 0.508197
0 0.523438 0.187500 0.046875 0.165984
0 0.450000 0.182377 0.046875 0.172131
0 0.332031 0.114754 0.020313 0.045082
0 0.293750 0.184426 0.056250 0.237705
0 0.487500 0.178279 0.037500 0.180328
0 0.623437 0.134221 0.037500 0.071721
0 0.724219 0.183402 0.064062 0.194672
0 0.410938 0.173156 0.031250 0.186475
0 0.552344 0.183402 0.026562 0.170082
0 0.217969 0.156762 0.029687 0.100410
0 0.866406 0.185451 0.023438 0.112705
0 0.359375 0.091189 0.009375 0.022541
4 0.031250 0.104508 0.021875 0.209016
0 0.614844 0.175205 0.576562 0.194672
