1 0.816406 0.261176 0.032813 0.047059
1 0.117969 0.291765 0.082812 0.075294
1 0.852344 0.268235 0.029687 0.037647
0 0.600781 0.611765 0.214062 0.776471
0 0.473438 0.588235 0.093750 0.541176
0 0.339844 0.570588 0.204687 0.835294
0 0.135156 0.224706 0.023438 0.082353
0 0.843750 0.229412 0.018750 0.044706
0 0.988281 0.270588 0.020313 0.103529
0 0.903125 0.231765 0.012500 0.035294
0 0.743750 0.241176 0.015625 0.068235
0 0.854688 0.232941 0.012500 0.056471
0 0.889062 0.252941 0.025000 0.077647
0 0.031250 0.263529 0.028125 0.112941
0 0.807031 0.240000 0.017188 0.056471
0 0.353125 0.242353 0.703125 0.112941
