5 0.571094 0.748826 0.323437 0.192488
0 0.409375 0.639671 0.012500 0.021127
0 0.373437 0.619718 0.021875 0.093897
0 0.728125 0.947183 0.040625 0.100939
0 0.749219 0.944836 0.057813 0.110329
0 0.667188 0.949531 0.040625 0.100939
0 0.561719 0.951878 0.054688 0.091549
0 0.453906 0.962441 0.057813 0.070423
0 0.387500 0.958920 0.046875 0.082160
0 0.510938 0.950704 0.071875 0.098592
0 0.889844 0.929577 0.057813 0.093897
0 0.174219 0.661972 0.017188 0.046948
0 0.939063 0.917840 0.043750 0.103286
0 0.850781 0.936620 0.048438 0.126761
0 0.500000 0.773474 0.996875 0.448357
