2 0.069531 0.602083 0.114062 0.137500
4 0.129688 0.506250 0.128125 0.175000
4 0.034375 0.506250 0.068750 0.170833
0 0.987500 0.523958 0.025000 0.072917
0 0.136719 0.563542 0.023438 0.102083
0 0.157031 0.568750 0.017188 0.095833
0 0.803125 0.528125 0.015625 0.077083
0 0.827344 0.532292 0.017188 0.068750
0 0.867188 0.523958 0.021875 0.085417
0 0.168750 0.565625 0.021875 0.097917
5 0.448437 0.553125 0.596875 0.502083
0 0.849219 0.510417 0.010937 0.037500
0 0.789062 0.537500 0.012500 0.058333
0 0.858594 0.525000 0.010937 0.083333
0 0.753906 0.535417 0.017188 0.070833
2 0.775781 0.534375 0.045312 0.068750
