2 0.631250 0.503125 0.154167 0.053125
2 0.921875 0.520312 0.152083 0.053125
2 0.037500 0.467969 0.075000 0.073438
3 0.239583 0.489844 0.062500 0.045312
0 0.966667 0.650000 0.066667 0.115625
0 0.955208 0.645312 0.085417 0.109375
0 0.271875 0.546875 0.085417 0.075000
0 0.439583 0.504687 0.066667 0.043750
0 0.519792 0.535937 0.114583 0.184375
0 0.321875 0.639062 0.331250 0.071875
0 0.270833 0.478906 0.041667 0.054688
0 0.110417 0.610156 0.208333 0.123438
0 0.445833 0.585156 0.183333 0.051562
0 0.755208 0.560937 0.156250 0.215625
0 0.140625 0.513281 0.077083 0.051562
