2 0.724299 0.301563 0.168224 0.087500
2 0.959112 0.393750 0.081776 0.125000
2 0.621495 0.294531 0.074766 0.051562
2 0.945093 0.302344 0.105140 0.057813
0 0.457944 0.269531 0.037383 0.042188
0 0.370327 0.262500 0.035047 0.028125
2 0.570093 0.260156 0.037383 0.014063
0 0.557243 0.271094 0.039720 0.026562
0 0.311916 0.264844 0.030374 0.023438
0 0.391355 0.276562 0.025701 0.040625
0 0.510514 0.270313 0.044393 0.040625
2 0.581776 0.273438 0.042056 0.012500
2 0.539720 0.267188 0.037383 0.028125
2 0.808411 0.275781 0.032710 0.004687
