1 0.453125 0.521378 0.018750 0.068884
2 0.840625 0.143705 0.062500 0.121140
2 0.851562 0.401425 0.040625 0.147268
3 0.638281 0.437055 0.026562 0.090261
3 0.843750 0.313539 0.056250 0.118765
0 0.332813 0.859857 0.040625 0.204276
0 0.453906 0.465558 0.029687 0.042755
0 0.637500 0.389549 0.040625 0.109264
0 0.767188 0.397862 0.034375 0.125891
0 0.797656 0.387173 0.026562 0.133017
0 0.620313 0.046318 0.028125 0.092637
0 0.453125 0.439430 0.040625 0.061758
5 0.468750 0.185273 0.043750 0.114014
0 0.221875 0.552257 0.031250 0.073634
