3 0.484375 0.818750 0.053125 0.091667
3 0.828125 0.726042 0.040625 0.072917
3 0.762500 0.664583 0.031250 0.058333
3 0.733594 0.637500 0.023438 0.058333
3 0.660937 0.486458 0.028125 0.035417
3 0.503125 0.515625 0.015625 0.022917
3 0.461719 0.520833 0.020313 0.025000
3 0.629687 0.536458 0.021875 0.039583
0 0.417187 0.912500 0.025000 0.045833
0 0.614844 0.927083 0.114062 0.145833
0 0.530469 0.931250 0.082812 0.137500
0 0.668750 0.922917 0.075000 0.154167
0 0.851562 0.915625 0.090625 0.168750
0 0.889844 0.914583 0.023438 0.116667
0 0.747656 0.942708 0.032813 0.106250
0 0.685937 0.766667 0.040625 0.120833
0 0.616406 0.645833 0.020313 0.091667
0 0.485156 0.761458 0.042188 0.043750
0 0.487500 0.737500 0.034375 0.033333
0 0.912500 0.892708 0.046875 0.127083
3 0.439063 0.825000 0.062500 0.070833
3 0.857031 0.763542 0.054688 0.081250
3 0.808594 0.704167 0.035937 0.079167
3 0.791406 0.690625 0.029687 0.077083
0 0.445312 0.776042 0.037500 0.039583
0 0.500000 0.648958 0.996875 0.697917
3 0.697656 0.651042 0.507812 0.377083
