5 0.367969 0.512295 0.207813 0.259563
0 0.575000 0.698087 0.078125 0.418033
0 0.390625 0.695355 0.046875 0.385246
0 0.497656 0.666667 0.035937 0.284153
0 0.442188 0.651639 0.046875 0.254098
0 0.959375 0.616120 0.050000 0.183060
0 0.970313 0.713115 0.059375 0.240437
5 0.107813 0.516393 0.215625 0.234973
0 0.478906 0.678962 0.026562 0.325137
0 0.175781 0.650273 0.045312 0.316940
0 0.089844 0.517760 0.023438 0.024590
0 0.040625 0.739071 0.043750 0.183060
0 0.282813 0.730874 0.065625 0.221311
0 0.681250 0.632514 0.040625 0.139344
4 0.366406 0.535519 0.210938 0.300546
0 0.707031 0.743169 0.051562 0.174863
0 0.345313 0.681694 0.656250 0.352459
