4 0.130469 0.711458 0.079687 0.089583
0 0.348438 0.910417 0.078125 0.145833
0 0.941406 0.806250 0.029687 0.045833
0 0.965625 0.805208 0.037500 0.064583
0 0.732031 0.830208 0.039062 0.106250
0 0.783594 0.790625 0.035937 0.102083
0 0.503125 0.910417 0.050000 0.166667
0 0.651563 0.847917 0.031250 0.125000
0 0.610938 0.831250 0.031250 0.050000
0 0.503906 0.780208 0.026562 0.081250
0 0.344531 0.791667 0.023438 0.091667
2 0.101562 0.831250 0.093750 0.087500
2 0.282813 0.800000 0.081250 0.095833
5 0.794531 0.905208 0.410938 0.156250
5 0.035937 0.711458 0.034375 0.043750
0 0.110937 0.742708 0.006250 0.047917
0 0.409375 0.785417 0.015625 0.075000
2 0.182031 0.809375 0.073438 0.068750
2 0.224219 0.756250 0.057813 0.033333
2 0.077344 0.706250 0.029687 0.037500
2 0.232813 0.781250 0.046875 0.058333
2 0.038281 0.761458 0.039062 0.060417
2 0.204687 0.747917 0.062500 0.050000
0 0.392969 0.801042 0.020313 0.089583
2 0.056250 0.726042 0.018750 0.043750
4 0.082031 0.677083 0.032813 0.025000
5 0.160938 0.963542 0.293750 0.072917
0 0.486719 0.806250 0.895312 0.216667
