2 0.982812 0.457647 0.034375 0.317647
0 0.667969 0.325882 0.120313 0.407059
0 0.897656 0.294118 0.067187 0.357647
0 0.494531 0.160000 0.051562 0.141176
0 0.387500 0.162353 0.040625 0.145882
0 0.287500 0.180000 0.075000 0.058824
3 0.342969 0.568235 0.257812 0.647059
3 0.473438 0.375294 0.096875 0.232941
3 0.839844 0.262353 0.067187 0.223529
3 0.530469 0.292941 0.157812 0.294118
3 0.742969 0.284706 0.076563 0.249412
3 0.267969 0.607059 0.314063 0.625882
3 0.361719 0.425882 0.248438 0.461176
3 0.489844 0.300000 0.189062 0.312941
3 0.578125 0.242353 0.053125 0.089412
0 0.043750 0.280000 0.084375 0.305882
0 0.938281 0.123529 0.032813 0.082353
0 0.910937 0.108235 0.040625 0.047059
0 0.327344 0.181176 0.045312 0.089412
0 0.364063 0.185882 0.037500 0.070588
0 0.050000 0.175294 0.075000 0.110588
3 0.189062 0.649412 0.378125 0.701176
3 0.791406 0.291765 0.070312 0.207059
3 0.762500 0.183529 0.018750 0.028235
3 0.274219 0.657647 0.264062 0.651765
0 0.971094 0.142353 0.057813 0.124706
0 0.420312 0.164706 0.050000 0.164706
3 0.657813 0.432941 0.681250 0.578824
