2 0.849219 0.922717 0.114062 0.154567
3 0.878125 0.884075 0.062500 0.044496
4 0.402344 0.597190 0.804688 0.782201
0 0.849219 0.845433 0.057813 0.060890
0 0.284375 0.492974 0.037500 0.058548
0 0.187500 0.532787 0.040625 0.044496
0 0.122656 0.563232 0.032813 0.049180
0 0.933594 0.857143 0.026562 0.126464
0 0.307031 0.824356 0.039062 0.056206
0 0.335156 0.473068 0.017188 0.060890
0 0.067969 0.583138 0.029687 0.032787
0 0.961719 0.838407 0.039062 0.140515
1 0.856250 0.873536 0.025000 0.018735
0 0.862500 0.834895 0.037500 0.058548
