2 0.600781 0.283333 0.182812 0.162500
3 0.392969 0.770833 0.207813 0.400000
0 0.398438 0.468750 0.271875 0.637500
0 0.562500 0.318750 0.062500 0.166667
0 0.316406 0.314583 0.089063 0.183333
2 0.802344 0.239583 0.035937 0.037500
2 0.557813 0.308333 0.206250 0.150000
0 0.234375 0.286458 0.037500 0.160417
2 0.901563 0.323958 0.196875 0.364583
0 0.752344 0.270833 0.020313 0.075000
0 0.773438 0.269792 0.015625 0.068750
0 0.788281 0.266667 0.017188 0.079167
0 0.413281 0.305208 0.260937 0.364583
2 0.699219 0.251042 0.054688 0.052083
2 0.821094 0.231250 0.010937 0.012500
2 0.610156 0.283333 0.085938 0.091667
