6 0.748437 0.207944 0.359375 0.415888
0 0.339844 0.697430 0.051562 0.198598
0 0.284375 0.661215 0.028125 0.116822
0 0.255469 0.675234 0.039062 0.116822
0 0.516406 0.677570 0.032813 0.149533
0 0.482812 0.688084 0.034375 0.137850
0 0.452344 0.676402 0.032813 0.123832
0 0.772656 0.684579 0.035937 0.130841
0 0.826562 0.702103 0.056250 0.231308
0 0.621875 0.661215 0.028125 0.121495
0 0.645312 0.671729 0.034375 0.137850
0 0.185938 0.672897 0.031250 0.126168
0 0.667188 0.653037 0.018750 0.095794
0 0.471875 0.747664 0.815625 0.355140
