1 0.392157 0.605392 0.366013 0.256536
0 0.352941 0.525327 0.150327 0.400327
0 0.801471 0.573529 0.338235 0.794118
0 0.447712 0.324346 0.035948 0.089869
0 0.170752 0.580882 0.272876 0.364379
0 0.890523 0.254085 0.039216 0.053922
0 0.152778 0.250000 0.044118 0.049020
0 0.120915 0.252451 0.035948 0.044118
0 0.051471 0.301471 0.037582 0.093137
0 0.418301 0.333333 0.039216 0.091503
0 0.923203 0.223039 0.039216 0.031046
0 0.666667 0.198529 0.039216 0.053922
1 0.570261 0.608660 0.215686 0.093137
0 0.639706 0.221405 0.024510 0.063725
0 0.781863 0.339052 0.397059 0.272876
