2 0.353906 0.350877 0.060937 0.039474
2 0.120313 0.362939 0.062500 0.063596
2 0.532813 0.348684 0.040625 0.039474
2 0.100781 0.342105 0.060937 0.039474
2 0.373437 0.339912 0.046875 0.017544
0 0.250781 0.444079 0.073438 0.322368
0 0.717187 0.497807 0.087500 0.407895
0 0.888281 0.502193 0.092188 0.456140
0 0.200781 0.506579 0.117188 0.513158
2 0.139063 0.324561 0.037500 0.017544
2 0.606250 0.408991 0.184375 0.103070
2 0.077344 0.327851 0.020313 0.024123
2 0.357031 0.332237 0.023438 0.015351
0 0.617188 0.484649 0.109375 0.364035
0 0.811719 0.510965 0.098437 0.399123
2 0.428125 0.348684 0.090625 0.052632
2 0.216406 0.346491 0.048438 0.039474
5 0.041406 0.323465 0.039062 0.037281
2 0.310937 0.342105 0.034375 0.048246
2 0.276562 0.328947 0.540625 0.061404
