3 0.316406 0.391101 0.039062 0.070258
0 0.314063 0.368852 0.034375 0.086651
0 0.620313 0.341920 0.012500 0.018735
2 0.378125 0.311475 0.115625 0.088993
2 0.628125 0.354801 0.140625 0.124122
2 0.764062 0.619438 0.228125 0.227166
2 0.709375 0.295082 0.118750 0.074941
0 0.610156 0.170960 0.014063 0.023419
2 0.930469 0.326698 0.117188 0.081967
2 0.221875 0.298595 0.075000 0.067916
2 0.103125 0.174473 0.037500 0.030445
2 0.300781 0.160422 0.057813 0.035129
2 0.658594 0.214286 0.079687 0.053864
2 0.593750 0.096019 0.015625 0.018735
5 0.570312 0.134660 0.028125 0.039813
2 0.382031 0.162763 0.051562 0.030445
2 0.985156 0.379391 0.029687 0.056206
5 0.250781 0.129977 0.039062 0.039813
