3 0.691406 0.800708 0.098437 0.195755
3 0.312500 0.728774 0.068750 0.075472
3 0.164062 0.786557 0.168750 0.143868
3 0.331250 0.801887 0.190625 0.174528
3 0.528125 0.779481 0.187500 0.186321
3 0.472656 0.729953 0.101562 0.120283
0 0.547656 0.726415 0.039062 0.150943
0 0.403125 0.669811 0.034375 0.056604
0 0.358594 0.760613 0.039062 0.186321
0 0.645312 0.741745 0.065625 0.176887
0 0.028125 0.692217 0.028125 0.049528
0 0.848437 0.727594 0.037500 0.186321
0 0.689844 0.680425 0.045312 0.091981
0 0.197656 0.699292 0.042188 0.054245
0 0.735156 0.720519 0.054688 0.200472
0 0.621094 0.678066 0.029687 0.091981
0 0.700781 0.634434 0.020313 0.075472
3 0.414844 0.712264 0.064062 0.089623
3 0.042969 0.757075 0.073438 0.150943
0 0.651563 0.645047 0.018750 0.058962
3 0.577344 0.858491 0.167187 0.160377
0 0.500000 0.568396 0.996875 0.353774
