0 0.600000 0.316000 0.096000 0.285333
1 0.631000 0.354667 0.190000 0.176000
3 0.858000 0.256000 0.048000 0.085333
3 0.947000 0.229333 0.074000 0.122667
0 0.705000 0.248000 0.086000 0.282667
0 0.430000 0.240000 0.044000 0.101333
0 0.509000 0.269333 0.066000 0.165333
0 0.863000 0.201333 0.046000 0.098667
0 0.392000 0.250667 0.048000 0.085333
0 0.807000 0.240000 0.058000 0.144000
0 0.465000 0.174667 0.034000 0.109333
3 0.454000 0.350667 0.168000 0.162667
0 0.660000 0.218667 0.056000 0.117333
0 0.562000 0.226667 0.036000 0.085333
0 0.917000 0.182667 0.034000 0.072000
0 0.962000 0.220000 0.048000 0.130667
0 0.339000 0.280000 0.086000 0.202667
