1 0.317969 0.154628 0.026562 0.083521
0 0.505469 0.524831 0.232813 0.887133
3 0.752344 0.152370 0.057813 0.142212
3 0.461719 0.196388 0.039062 0.072235
3 0.604688 0.113995 0.025000 0.065463
0 0.953906 0.134312 0.092188 0.209932
0 0.450000 0.153499 0.059375 0.158014
0 0.604688 0.066591 0.021875 0.033860
0 0.877344 0.063205 0.017188 0.094808
0 0.650781 0.074492 0.026562 0.063205
0 0.751563 0.117381 0.062500 0.167043
0 0.562500 0.079007 0.028125 0.072235
0 0.617969 0.069977 0.017188 0.054176
0 0.860156 0.058691 0.014063 0.058691
0 0.585156 0.067720 0.017188 0.049661
0 0.316406 0.121896 0.039062 0.135440
3 0.955469 0.217833 0.089063 0.191874
0 0.800000 0.064334 0.009375 0.033860
1 0.561719 0.106095 0.023438 0.054176
