1 0.444000 0.746334 0.064000 0.190616
3 0.474000 0.612903 0.032000 0.087977
5 0.576000 0.554252 0.064000 0.123167
5 0.216000 0.579179 0.080000 0.131965
0 0.444000 0.674487 0.068000 0.252199
0 0.797000 0.624633 0.030000 0.181818
0 0.842000 0.703812 0.076000 0.140762
0 0.816000 0.626100 0.036000 0.161290
0 0.182000 0.618768 0.036000 0.129032
0 0.292000 0.599707 0.020000 0.096774
0 0.264000 0.602639 0.040000 0.096774
0 0.777000 0.582111 0.026000 0.114370
0 0.760000 0.585044 0.016000 0.102639
0 0.360000 0.573314 0.020000 0.090909
0 0.476000 0.589443 0.024000 0.087977
0 0.720000 0.586510 0.044000 0.064516
2 0.343000 0.574780 0.058000 0.058651
2 0.418000 0.577713 0.040000 0.058651
2 0.524000 0.561584 0.020000 0.038123
2 0.876000 0.604106 0.032000 0.058651
2 0.381000 0.568915 0.034000 0.052786
0 0.534000 0.571848 0.016000 0.058651
0 0.582000 0.577713 0.192000 0.093842
