0 0.381250 0.187215 0.046875 0.095890
0 0.634375 0.372146 0.109375 0.433790
0 0.192969 0.337900 0.154688 0.292237
0 0.057031 0.245434 0.095312 0.226027
0 0.507031 0.439498 0.254688 0.527397
0 0.292969 0.202055 0.029687 0.139269
0 0.349219 0.200913 0.023438 0.123288
0 0.543750 0.184932 0.037500 0.082192
3 0.498437 0.599315 0.250000 0.541096
0 0.323437 0.198630 0.037500 0.146119
0 0.117188 0.178082 0.028125 0.114155
0 0.109375 0.192922 0.018750 0.107306
0 0.787500 0.204338 0.028125 0.111872
3 0.060156 0.634703 0.114062 0.260274
3 0.035937 0.694064 0.071875 0.242009
3 0.058594 0.293379 0.085938 0.244292
3 0.699219 0.462329 0.220312 0.458904
3 0.512500 0.240868 0.059375 0.121005
3 0.914062 0.320776 0.171875 0.285388
3 0.750781 0.270548 0.120313 0.189498
3 0.821875 0.305936 0.115625 0.264840
3 0.186719 0.390411 0.160938 0.356164
3 0.571094 0.251142 0.082812 0.178082
0 0.089844 0.164384 0.017188 0.068493
0 0.594531 0.195205 0.807813 0.143836
