2 0.259375 0.760417 0.121875 0.116667
2 0.729688 0.756250 0.250000 0.120833
2 0.475000 0.721875 0.059375 0.077083
2 0.403906 0.718750 0.042188 0.050000
2 0.956250 0.791667 0.087500 0.108333
2 0.559375 0.723958 0.059375 0.077083
2 0.057031 0.737500 0.064062 0.070833
2 0.594531 0.721875 0.042188 0.077083
2 0.118750 0.760417 0.134375 0.108333
2 0.014063 0.744792 0.028125 0.110417
2 0.647656 0.730208 0.110937 0.106250
5 0.404687 0.720833 0.040625 0.050000
5 0.351562 0.705208 0.046875 0.077083
5 0.474219 0.723958 0.057813 0.077083
