6 0.604688 0.735915 0.581250 0.495305
6 0.610156 0.561033 0.298438 0.220657
0 0.853906 0.649061 0.010937 0.039906
0 0.857812 0.684272 0.015625 0.049296
0 0.802344 0.735915 0.010937 0.039906
0 0.660937 0.571596 0.012500 0.049296
0 0.885156 0.654930 0.010937 0.046948
0 0.876563 0.639671 0.012500 0.039906
0 0.864844 0.640845 0.007812 0.037559
0 0.863281 0.697183 0.010937 0.028169
0 0.910156 0.684272 0.010937 0.039906
2 0.182031 0.602113 0.020313 0.025822
2 0.164844 0.595070 0.026562 0.021127
2 0.188281 0.511737 0.023438 0.032864
0 0.988281 0.611502 0.004687 0.011737
2 0.162500 0.557512 0.028125 0.030516
