3 0.217188 0.606557 0.431250 0.543326
3 0.467187 0.464871 0.303125 0.381733
3 0.845313 0.396956 0.159375 0.199063
3 0.289844 0.307963 0.107813 0.166276
3 0.760938 0.434426 0.046875 0.161593
0 0.806250 0.251756 0.056250 0.133489
0 0.917188 0.234192 0.043750 0.098361
0 0.938281 0.330211 0.029687 0.168618
0 0.128125 0.251756 0.109375 0.189696
0 0.916406 0.343091 0.054688 0.138173
3 0.869531 0.288056 0.073438 0.088993
3 0.652344 0.426230 0.207813 0.299766
3 0.766406 0.274005 0.029687 0.088993
0 0.616406 0.271663 0.060937 0.121780
