2 0.637500 0.563084 0.140625 0.093458
2 0.545312 0.547897 0.046875 0.044393
4 0.870313 0.531542 0.259375 0.137850
0 0.419531 0.609813 0.032813 0.140187
0 0.538281 0.707944 0.076563 0.182243
0 0.565625 0.623832 0.037500 0.163551
0 0.351562 0.595794 0.021875 0.116822
0 0.667969 0.634346 0.042188 0.179907
0 0.173437 0.643692 0.084375 0.240654
0 0.316406 0.600467 0.032813 0.116822
0 0.482031 0.637850 0.045312 0.182243
0 0.616406 0.549065 0.020313 0.056075
4 0.448437 0.517523 0.171875 0.095794
0 0.764844 0.741822 0.107813 0.357477
0 0.627344 0.641355 0.045312 0.226636
0 0.267188 0.579439 0.028125 0.130841
2 0.903906 0.579439 0.176563 0.084112
2 0.710938 0.546729 0.065625 0.060748
0 0.245312 0.578271 0.028125 0.133178
2 0.248438 0.529206 0.056250 0.039720
5 0.709375 0.549065 0.065625 0.065421
0 0.091406 0.565421 0.123438 0.107477
