2 0.486928 0.419118 0.218954 0.099673
2 0.056373 0.404412 0.112745 0.106209
4 0.876634 0.354575 0.246732 0.382353
0 0.171569 0.570261 0.258170 0.503268
0 0.793301 0.517157 0.106209 0.315359
0 0.484477 0.522059 0.099673 0.217320
0 0.630719 0.519608 0.101307 0.228758
0 0.696895 0.500817 0.070261 0.214052
0 0.912582 0.522059 0.119281 0.321895
0 0.048203 0.450163 0.080065 0.178105
0 0.335784 0.552288 0.102941 0.274510
0 0.294935 0.342320 0.047386 0.080065
2 0.903595 0.450163 0.192810 0.174837
0 0.561275 0.379085 0.014706 0.026144
0 0.247549 0.498366 0.089869 0.238562
0 0.349673 0.344771 0.049020 0.045752
