0 0.872656 0.509368 0.039062 0.175644
0 0.797656 0.518735 0.042188 0.199063
0 0.757031 0.521077 0.045312 0.203747
0 0.597656 0.503513 0.057813 0.177986
0 0.538281 0.512881 0.045312 0.187354
0 0.844531 0.522248 0.045312 0.192037
0 0.728125 0.615925 0.065625 0.154567
0 0.339062 0.622951 0.056250 0.201405
0 0.053125 0.548009 0.037500 0.107728
0 0.188281 0.662763 0.060937 0.159251
0 0.713281 0.553864 0.035937 0.100703
0 0.781250 0.206089 0.015625 0.060890
2 0.205469 0.276347 0.117188 0.098361
2 0.733594 0.261124 0.104688 0.110070
2 0.335938 0.210773 0.096875 0.065574
2 0.503125 0.177986 0.125000 0.060890
2 0.559375 0.209602 0.090625 0.053864
2 0.635156 0.268150 0.101562 0.100703
2 0.681250 0.174473 0.134375 0.067916
2 0.774219 0.201405 0.079687 0.070258
2 0.863281 0.211944 0.067187 0.053864
5 0.237500 0.204918 0.128125 0.077283
5 0.665625 0.204918 0.093750 0.067916
5 0.072656 0.271663 0.129688 0.121780
5 0.970313 0.162763 0.059375 0.067916
2 0.127344 0.209602 0.114062 0.077283
2 0.941406 0.248244 0.082812 0.121780
2 0.321094 0.274005 0.114062 0.098361
0 0.391406 0.512881 0.039062 0.168618
2 0.534375 0.271663 0.109375 0.103044
0 0.357031 0.480094 0.560937 0.482436
2 0.500000 0.186183 0.996875 0.288056
