4 0.833594 0.759375 0.251563 0.335417
4 0.549219 0.743750 0.204687 0.120833
0 0.421094 0.766667 0.010937 0.066667
0 0.324219 0.760417 0.017188 0.079167
0 0.410938 0.756250 0.012500 0.075000
0 0.978906 0.862500 0.039062 0.266667
0 0.400781 0.759375 0.014063 0.072917
4 0.157812 0.665625 0.303125 0.356250
0 0.383594 0.756250 0.014063 0.083333
0 0.444531 0.757292 0.010937 0.052083
0 0.649219 0.754167 0.010937 0.054167
0 0.671875 0.750000 0.006250 0.041667
0 0.339844 0.765625 0.023438 0.056250
0 0.657031 0.756250 0.007812 0.045833
0 0.349219 0.764583 0.017188 0.058333
0 0.710156 0.752083 0.010937 0.033333
0 0.353906 0.661458 0.707812 0.227083
