4 0.662500 0.455208 0.178125 0.293750
4 0.532031 0.470833 0.095312 0.229167
0 0.259375 0.600000 0.059375 0.220833
0 0.146875 0.608333 0.065625 0.254167
0 0.096094 0.588542 0.048438 0.172917
0 0.310937 0.586458 0.043750 0.197917
0 0.370312 0.579167 0.034375 0.166667
0 0.789062 0.650000 0.087500 0.312500
0 0.692187 0.613542 0.065625 0.302083
0 0.431250 0.551042 0.025000 0.097917
0 0.044531 0.527083 0.010937 0.025000
0 0.724219 0.595833 0.051562 0.275000
0 0.395313 0.552083 0.018750 0.104167
4 0.835156 0.454167 0.245312 0.312500
4 0.423438 0.513542 0.109375 0.152083
4 0.082031 0.513542 0.054688 0.056250
4 0.965625 0.452083 0.068750 0.337500
