0 0.410156 0.465625 0.048438 0.289583
0 0.641406 0.291667 0.029687 0.054167
0 0.654687 0.267708 0.018750 0.039583
0 0.752344 0.265625 0.023438 0.031250
0 0.757812 0.287500 0.031250 0.062500
3 0.413281 0.794792 0.195312 0.410417
3 0.552344 0.784375 0.214062 0.431250
3 0.898438 0.744792 0.203125 0.377083
3 0.053125 0.587500 0.103125 0.141667
3 0.061719 0.469792 0.067187 0.097917
3 0.368750 0.547917 0.087500 0.141667
3 0.503906 0.526042 0.107813 0.189583
3 0.607031 0.544792 0.157812 0.243750
0 0.735156 0.273958 0.014063 0.027083
0 0.828125 0.288542 0.015625 0.035417
0 0.857812 0.280208 0.025000 0.060417
0 0.108594 0.336458 0.020313 0.027083
0 0.109375 0.311458 0.034375 0.064583
0 0.107813 0.270833 0.025000 0.029167
3 0.702344 0.771875 0.235937 0.422917
3 0.676562 0.448958 0.084375 0.122917
3 0.250781 0.642708 0.117188 0.306250
3 0.153125 0.611458 0.137500 0.210417
0 0.139063 0.290625 0.021875 0.064583
3 0.096875 0.770833 0.193750 0.458333
0 0.178906 0.292708 0.023438 0.081250
0 0.440625 0.305208 0.881250 0.172917
3 0.545312 0.609375 0.906250 0.693750
