6 0.501563 0.368750 0.996875 0.733333
0 0.620313 0.707292 0.153125 0.268750
0 0.255469 0.686458 0.210938 0.252083
0 0.327344 0.598958 0.110937 0.127083
0 0.347656 0.551042 0.073438 0.127083
0 0.378906 0.552083 0.073438 0.158333
0 0.146875 0.842708 0.221875 0.297917
0 0.385156 0.492708 0.054688 0.085417
0 0.427344 0.462500 0.051562 0.079167
0 0.440625 0.433333 0.031250 0.058333
0 0.458594 0.401042 0.017188 0.035417
0 0.600000 0.470833 0.040625 0.079167
0 0.700781 0.860417 0.314063 0.279167
0 0.545312 0.446875 0.053125 0.060417
0 0.596875 0.482292 0.434375 0.556250
