0 0.576562 0.550351 0.096875 0.449649
0 0.808594 0.563232 0.076563 0.433255
0 0.260156 0.715457 0.132812 0.405152
0 0.867188 0.502342 0.071875 0.133489
0 0.865625 0.422717 0.037500 0.100703
0 0.937500 0.511710 0.078125 0.110070
0 0.864062 0.366511 0.021875 0.081967
0 0.377344 0.543326 0.079687 0.056206
0 0.489844 0.464871 0.042188 0.077283
0 0.921875 0.378220 0.009375 0.030445
0 0.378906 0.932084 0.185938 0.135831
0 0.519531 0.446136 0.023438 0.086651
0 0.978906 0.409836 0.010937 0.060890
0 0.482031 0.537471 0.823438 0.283372
