2 0.126562 0.276869 0.056250 0.025701
0 0.271094 0.514019 0.235937 0.509346
0 0.526563 0.394860 0.125000 0.420561
0 0.943750 0.241822 0.012500 0.058411
0 0.007812 0.351636 0.015625 0.035047
2 0.052344 0.281542 0.035937 0.016355
2 0.897656 0.269860 0.014063 0.016355
0 0.796875 0.253505 0.009375 0.049065
2 0.202344 0.274533 0.014063 0.016355
2 0.171094 0.276869 0.026562 0.025701
5 0.976562 0.269860 0.046875 0.119159
0 0.821875 0.271028 0.021875 0.056075
0 0.912500 0.250000 0.028125 0.098131
0 0.289844 0.543224 0.389062 0.385514
0 0.872656 0.252336 0.020313 0.051402
0 0.313281 0.274533 0.014063 0.039720
0 0.302344 0.278037 0.014063 0.037383
0 0.821875 0.235981 0.009375 0.037383
2 0.089844 0.276869 0.026562 0.021028
2 0.010937 0.281542 0.021875 0.016355
0 0.953125 0.241822 0.012500 0.063084
