2 0.827103 0.878125 0.331776 0.131250
0 0.587617 0.786719 0.058411 0.082812
0 0.439252 0.746094 0.037383 0.048438
0 0.559579 0.778125 0.049065 0.056250
0 0.463785 0.749219 0.030374 0.045312
0 0.834112 0.846875 0.018692 0.028125
0 0.615654 0.807813 0.049065 0.043750
0 0.921729 0.765625 0.030374 0.043750
0 0.628505 0.781250 0.056075 0.046875
2 0.364486 0.825000 0.369159 0.059375
2 0.050234 0.860938 0.100467 0.053125
2 0.529206 0.828125 0.109813 0.065625
5 0.485981 0.886719 0.392523 0.120313
5 0.197430 0.905469 0.394860 0.129688
