2 0.554688 0.694767 0.090625 0.104651
2 0.951562 0.895349 0.096875 0.197674
2 0.322656 0.659884 0.104688 0.087209
2 0.652344 0.672965 0.048438 0.066860
2 0.925781 0.793605 0.145313 0.162791
2 0.700781 0.649709 0.023438 0.031977
2 0.915625 0.707849 0.140625 0.125000
2 0.516406 0.648256 0.067187 0.069767
4 0.139063 0.610465 0.278125 0.738372
0 0.678906 0.742733 0.045312 0.212209
0 0.714844 0.734012 0.035937 0.177326
2 0.782031 0.642442 0.010937 0.011628
2 0.844531 0.699128 0.035937 0.072674
2 0.815625 0.651163 0.031250 0.029070
2 0.653906 0.633721 0.023438 0.017442
2 0.868750 0.678779 0.115625 0.090116
2 0.487500 0.623547 0.059375 0.061047
