2 0.716628 0.818750 0.112412 0.056250
2 0.332553 0.929688 0.201405 0.109375
2 0.647541 0.807031 0.053864 0.051562
4 0.560890 0.783594 0.133489 0.139063
0 0.223653 0.929688 0.105386 0.134375
0 0.656909 0.927344 0.081967 0.142187
0 0.775176 0.927344 0.168618 0.145313
0 0.112412 0.917969 0.163934 0.164062
0 0.206089 0.855469 0.028103 0.026562
0 0.176815 0.871875 0.039813 0.059375
0 0.033958 0.919531 0.067916 0.157812
0 0.900468 0.907813 0.044496 0.075000
0 0.405152 0.837500 0.037471 0.031250
0 0.827869 0.893750 0.039813 0.056250
0 0.571429 0.856250 0.032787 0.071875
0 0.510539 0.837500 0.032787 0.043750
2 0.632319 0.760938 0.032787 0.025000
4 0.510539 0.700781 0.074941 0.023438
4 0.556206 0.699219 0.021077 0.017188
4 0.631148 0.726562 0.072600 0.056250
0 0.434426 0.834375 0.039813 0.031250
2 0.899297 0.768750 0.074941 0.062500
2 0.955504 0.936719 0.088993 0.117188
0 0.269321 0.857812 0.103044 0.050000
