0 0.381250 0.675644 0.134375 0.615925
0 0.179688 0.606557 0.062500 0.332553
0 0.242188 0.590164 0.078125 0.346604
0 0.110937 0.612412 0.078125 0.372365
0 0.017188 0.631148 0.034375 0.395785
5 0.898438 0.478923 0.031250 0.053864
0 0.607031 0.563232 0.014063 0.039813
0 0.560156 0.559719 0.007812 0.037471
0 0.489063 0.565574 0.006250 0.035129
0 0.498437 0.566745 0.012500 0.037471
0 0.510938 0.586651 0.009375 0.039813
0 0.924219 0.482436 0.007812 0.023419
0 0.578906 0.559719 0.007812 0.037471
0 0.405469 0.612412 0.401562 0.194379
