3 0.285938 0.725000 0.353125 0.508333
3 0.719531 0.735417 0.560937 0.495833
5 0.364844 0.337500 0.217188 0.145833
0 0.496875 0.542708 0.143750 0.385417
0 0.749219 0.679167 0.229687 0.641667
0 0.132812 0.607292 0.146875 0.514583
0 0.296094 0.464583 0.079687 0.162500
0 0.422656 0.463542 0.070312 0.177083
0 0.900000 0.505208 0.100000 0.272917
0 0.611719 0.440625 0.089063 0.264583
0 0.196875 0.436458 0.043750 0.106250
0 0.349219 0.462500 0.057813 0.133333
0 0.239063 0.438542 0.046875 0.085417
0 0.960938 0.430208 0.078125 0.185417
0 0.046875 0.520833 0.075000 0.333333
0 0.698438 0.455208 0.146875 0.235417
0 0.499219 0.512500 0.998437 0.329167
