2 0.639062 0.719792 0.118750 0.143750
5 0.642969 0.716667 0.132812 0.150000
5 0.811719 0.703125 0.032813 0.052083
0 0.268750 0.771875 0.034375 0.110417
0 0.314063 0.744792 0.021875 0.077083
0 0.400781 0.760417 0.045312 0.129167
0 0.705469 0.761458 0.039062 0.139583
0 0.552344 0.735417 0.020313 0.058333
0 0.511719 0.728125 0.014063 0.052083
0 0.943750 0.709375 0.012500 0.031250
0 0.431250 0.734375 0.015625 0.047917
0 0.323437 0.743750 0.006250 0.008333
0 0.571875 0.718750 0.012500 0.045833
0 0.988281 0.713542 0.014063 0.052083
2 0.839063 0.711458 0.021875 0.022917
2 0.857031 0.710417 0.014063 0.016667
2 0.742188 0.722917 0.025000 0.062500
5 0.721094 0.712500 0.029687 0.100000
0 0.918750 0.731250 0.018750 0.075000
0 0.956250 0.704167 0.012500 0.033333
0 0.972656 0.713542 0.023438 0.056250
