1 0.621011 0.345000 0.066489 0.054000
1 0.292553 0.804000 0.122340 0.132000
1 0.320479 0.532000 0.087766 0.076000
1 0.195479 0.943000 0.093085 0.110000
1 0.840426 0.750000 0.037234 0.124000
2 0.511968 0.086000 0.018617 0.012000
3 0.744681 0.526000 0.106383 0.080000
0 0.622340 0.405000 0.063830 0.086000
2 0.500000 0.077000 0.021277 0.010000
0 0.462766 0.193000 0.021277 0.038000
1 0.117021 0.950000 0.101064 0.100000
1 0.694149 0.517000 0.042553 0.090000
1 0.652926 0.374000 0.023936 0.056000
2 0.474734 0.095000 0.029255 0.030000
0 0.908245 0.938000 0.061170 0.120000
1 0.315160 0.625000 0.018617 0.038000
