2 0.862500 0.756250 0.093750 0.107500
2 0.712500 0.750000 0.084375 0.115000
2 0.060937 0.745000 0.021875 0.070000
4 0.371875 0.560000 0.606250 0.770000
0 0.776563 0.707500 0.018750 0.045000
0 0.699219 0.718750 0.023438 0.032500
0 0.466406 0.593750 0.035937 0.122500
0 0.446875 0.307500 0.028125 0.030000
0 0.232031 0.635000 0.032813 0.050000
0 0.104688 0.645000 0.025000 0.050000
0 0.877344 0.723750 0.014063 0.017500
0 0.915625 0.705000 0.028125 0.050000
0 0.275781 0.621250 0.017188 0.057500
2 0.027344 0.746250 0.054688 0.117500
5 0.972656 0.753750 0.048438 0.202500
