3 0.185012 0.759375 0.252927 0.265625
0 0.206089 0.685156 0.234192 0.289062
0 0.523419 0.520312 0.072600 0.078125
0 0.846604 0.853125 0.306792 0.259375
0 0.639344 0.530469 0.056206 0.089063
0 0.645199 0.485938 0.053864 0.046875
0 0.674473 0.493750 0.046838 0.081250
0 0.916862 0.646875 0.124122 0.165625
0 0.309133 0.361719 0.023419 0.026562
0 0.702576 0.479687 0.046838 0.084375
0 0.981265 0.603906 0.037471 0.229687
1 0.444965 0.563281 0.056206 0.079687
1 0.633489 0.570312 0.053864 0.071875
1 0.703747 0.498437 0.025761 0.046875
1 0.762295 0.489063 0.039813 0.050000
1 0.825527 0.465625 0.035129 0.043750
1 0.879391 0.432812 0.021077 0.037500
1 0.792740 0.475000 0.021077 0.043750
1 0.577283 0.549219 0.044496 0.064062
1 0.618267 0.394531 0.032787 0.039062
1 0.677986 0.515625 0.025761 0.053125
2 0.221311 0.426563 0.114754 0.056250
2 0.274005 0.415625 0.103044 0.056250
2 0.090164 0.453906 0.110070 0.082812
2 0.036300 0.466406 0.072600 0.089063
5 0.311475 0.402344 0.098361 0.054688
2 0.855972 0.374219 0.086651 0.023438
2 0.161593 0.444531 0.079625 0.067187
2 0.779859 0.366406 0.070258 0.017188
0 0.848946 0.442969 0.030445 0.060937
1 0.673302 0.411719 0.025761 0.026562
0 0.204918 0.658594 0.241218 0.248438
0 0.454333 0.543750 0.079625 0.106250
1 0.521077 0.557031 0.063232 0.073438
1 0.578454 0.397656 0.032787 0.029687
1 0.529274 0.425781 0.716628 0.110937
0 0.542155 0.447656 0.911007 0.260937
