2 0.399219 0.701042 0.089063 0.060417
4 0.473438 0.642708 0.112500 0.093750
0 0.953906 0.784375 0.054688 0.206250
0 0.901563 0.762500 0.068750 0.216667
0 0.844531 0.770833 0.048438 0.220833
0 0.817187 0.757292 0.040625 0.168750
0 0.760156 0.690625 0.026562 0.047917
0 0.735938 0.712500 0.031250 0.079167
0 0.650781 0.679167 0.010937 0.020833
0 0.451562 0.794792 0.081250 0.247917
2 0.350000 0.690625 0.025000 0.064583
0 0.781250 0.780208 0.046875 0.177083
0 0.869531 0.697917 0.023438 0.054167
0 0.208594 0.703125 0.035937 0.064583
0 0.987500 0.768750 0.025000 0.200000
2 0.082812 0.850000 0.165625 0.270833
4 0.582812 0.666667 0.087500 0.054167
0 0.413281 0.708333 0.039062 0.145833
0 0.496094 0.819792 0.992188 0.356250
