6 0.500000 0.493333 1.000000 0.986667
0 0.416406 0.668333 0.117188 0.636667
0 0.932813 0.700000 0.134375 0.573333
0 0.657813 0.576667 0.100000 0.613333
0 0.795312 0.590000 0.206250 0.786667
0 0.560937 0.580000 0.096875 0.660000
0 0.324219 0.308333 0.010937 0.050000
0 0.504687 0.473333 0.031250 0.300000
0 0.311719 0.543333 0.095312 0.613333
0 0.461719 0.621667 0.079687 0.603333
0 0.379688 0.431667 0.050000 0.256667
0 0.692187 0.343333 0.028125 0.073333
0 0.647656 0.366667 0.485938 0.200000
0 0.444531 0.350000 0.029687 0.086667
