2 0.699219 0.726042 0.417187 0.214583
5 0.703125 0.693750 0.431250 0.266667
0 0.325000 0.665625 0.021875 0.056250
0 0.364063 0.657292 0.009375 0.039583
0 0.378906 0.661458 0.010937 0.039583
0 0.392969 0.659375 0.010937 0.043750
0 0.132031 0.651042 0.007812 0.031250
0 0.203906 0.657292 0.007812 0.027083
0 0.099219 0.672917 0.026562 0.091667
0 0.158594 0.657292 0.010937 0.022917
0 0.856250 0.663542 0.006250 0.027083
0 0.987500 0.668750 0.009375 0.029167
0 0.662500 0.658333 0.012500 0.025000
0 0.396875 0.659375 0.006250 0.043750
