4 0.260156 0.447699 0.498437 0.221757
0 0.535937 0.479079 0.028125 0.108787
0 0.561719 0.468619 0.017188 0.092050
0 0.596094 0.458159 0.026562 0.087866
0 0.620313 0.465481 0.021875 0.094142
0 0.638281 0.469665 0.017188 0.081590
0 0.656250 0.482218 0.025000 0.119247
0 0.676562 0.474895 0.018750 0.092050
0 0.701562 0.467573 0.021875 0.098326
0 0.574219 0.480126 0.017188 0.110879
0 0.721875 0.484310 0.018750 0.110879
0 0.776563 0.476987 0.025000 0.092050
0 0.882812 0.468619 0.025000 0.087866
0 0.242969 0.509414 0.048438 0.198745
0 0.457813 0.472803 0.750000 0.138075
