3 0.716406 0.650000 0.239063 0.212500
3 0.292187 0.686458 0.193750 0.247917
3 0.453906 0.620833 0.107813 0.233333
3 0.290625 0.546875 0.106250 0.114583
3 0.508594 0.553125 0.139063 0.181250
3 0.403906 0.512500 0.079687 0.100000
0 0.489844 0.455208 0.023438 0.056250
0 0.466406 0.450000 0.029687 0.075000
0 0.379688 0.411458 0.025000 0.043750
0 0.567187 0.518750 0.037500 0.162500
0 0.401562 0.456250 0.043750 0.083333
0 0.329688 0.428125 0.037500 0.068750
0 0.382812 0.440625 0.015625 0.039583
3 0.367969 0.568750 0.079687 0.158333
3 0.343750 0.467708 0.053125 0.035417
3 0.382031 0.454167 0.017188 0.025000
3 0.309375 0.501042 0.046875 0.039583
