0 0.550781 0.744792 0.167187 0.506250
0 0.758594 0.691667 0.073438 0.229167
0 0.665625 0.690625 0.081250 0.281250
0 0.199219 0.690625 0.082812 0.202083
0 0.130469 0.622917 0.042188 0.129167
0 0.036719 0.610417 0.032813 0.112500
0 0.387500 0.778125 0.200000 0.435417
0 0.719531 0.668750 0.029687 0.075000
0 0.871875 0.686458 0.071875 0.252083
0 0.271875 0.685417 0.081250 0.291667
0 0.160938 0.612500 0.034375 0.112500
4 0.712500 0.561458 0.250000 0.139583
0 0.113281 0.586458 0.014063 0.047917
0 0.503125 0.626042 0.990625 0.381250
