2 0.110156 0.553347 0.057813 0.048117
4 0.460156 0.514644 0.360938 0.343096
0 0.679688 0.627615 0.043750 0.133891
0 0.750781 0.630753 0.023438 0.110879
0 0.660156 0.611925 0.029687 0.131799
0 0.978906 0.666318 0.039062 0.198745
0 0.214844 0.549163 0.010937 0.048117
0 0.175000 0.544979 0.009375 0.039749
0 0.197656 0.543933 0.010937 0.046025
0 0.046094 0.536611 0.014063 0.048117
2 0.019531 0.521967 0.029687 0.023013
0 0.390625 0.432008 0.012500 0.023013
0 0.345313 0.538703 0.028125 0.035565
0 0.942969 0.649582 0.048438 0.161088
0 0.634375 0.608787 0.015625 0.121339
0 0.182812 0.543933 0.009375 0.046025
