2 0.198437 0.642518 0.193750 0.135392
2 0.385156 0.615202 0.195312 0.156770
4 0.622656 0.480998 0.201563 0.482185
0 0.816406 0.674584 0.079687 0.289786
0 0.410938 0.641330 0.037500 0.204276
0 0.347656 0.654394 0.045312 0.225653
0 0.825781 0.561758 0.023438 0.078385
2 0.496875 0.602138 0.053125 0.102138
0 0.268750 0.579572 0.018750 0.038005
0 0.112500 0.579572 0.012500 0.038005
0 0.167969 0.578385 0.032813 0.049881
0 0.920312 0.744656 0.156250 0.510689
0 0.890625 0.580760 0.028125 0.097387
5 0.417969 0.496437 0.214062 0.156770
0 0.638281 0.529691 0.039062 0.052257
0 0.589063 0.350356 0.031250 0.030879
0 0.845313 0.565321 0.015625 0.080760
0 0.446094 0.502375 0.889062 0.387173
