1 0.716000 0.845000 0.386667 0.286000
1 0.173333 0.845000 0.346667 0.286000
1 0.901333 0.785000 0.197333 0.266000
1 0.372000 0.767000 0.136000 0.294000
0 0.590667 0.735000 0.285333 0.514000
0 0.094667 0.670000 0.189333 0.396000
0 0.626667 0.543000 0.069333 0.146000
0 0.745333 0.616000 0.184000 0.320000
0 0.297333 0.659000 0.141333 0.438000
0 0.960000 0.517000 0.074667 0.170000
0 0.481333 0.549000 0.066667 0.122000
0 0.884000 0.637000 0.157333 0.346000
0 0.421333 0.604000 0.117333 0.296000
1 0.964000 0.697000 0.072000 0.110000
