3 0.680469 0.638542 0.595313 0.722917
3 0.912500 0.446875 0.171875 0.389583
3 0.153906 0.235417 0.042188 0.033333
3 0.194531 0.231250 0.042188 0.033333
3 0.466406 0.216667 0.029687 0.029167
3 0.544531 0.219792 0.020313 0.031250
0 0.379688 0.519792 0.518750 0.931250
0 0.614844 0.207292 0.010937 0.043750
0 0.628125 0.208333 0.012500 0.037500
0 0.737500 0.206250 0.012500 0.037500
0 0.827344 0.205208 0.014063 0.035417
0 0.841406 0.208333 0.014063 0.029167
2 0.903906 0.201042 0.026562 0.010417
4 0.480469 0.194792 0.207813 0.097917
5 0.225781 0.211458 0.126562 0.043750
5 0.425781 0.223958 0.101562 0.035417
0 0.799219 0.210417 0.007812 0.025000
0 0.768750 0.206250 0.009375 0.033333
0 0.783594 0.206250 0.007812 0.033333
5 0.051562 0.233333 0.103125 0.070833
0 0.752344 0.208333 0.010937 0.037500
0 0.809375 0.208333 0.009375 0.029167
0 0.875781 0.205208 0.014063 0.031250
3 0.514844 0.221875 0.023438 0.027083
