3 0.689844 0.241218 0.101562 0.173302
3 0.855469 0.243560 0.117188 0.121780
3 0.596875 0.211944 0.043750 0.119438
0 0.140625 0.663934 0.278125 0.672131
0 0.307812 0.550351 0.096875 0.341920
0 0.397656 0.512881 0.085938 0.444965
0 0.790625 0.587822 0.134375 0.262295
0 0.942969 0.685012 0.114062 0.629977
0 0.453125 0.251756 0.040625 0.185012
0 0.535937 0.241218 0.056250 0.196721
0 0.364063 0.170960 0.056250 0.201405
0 0.874219 0.685012 0.064062 0.428571
0 0.981250 0.227166 0.034375 0.145199
0 0.295312 0.211944 0.028125 0.133489
3 0.764844 0.262295 0.070312 0.140515
3 0.958594 0.248244 0.051562 0.088993
0 0.668750 0.662763 0.131250 0.501171
3 0.035156 0.209602 0.070312 0.147541
