0 0.353906 0.662568 0.235937 0.188525
0 0.977344 0.618852 0.039062 0.193989
0 0.356250 0.566940 0.046875 0.155738
0 0.933594 0.622951 0.039062 0.180328
0 0.857031 0.659836 0.039062 0.112022
0 0.128906 0.610656 0.026562 0.128415
0 0.154688 0.595628 0.015625 0.032787
0 0.707031 0.594262 0.060937 0.204918
0 0.213281 0.596995 0.014063 0.024590
0 0.758594 0.609290 0.032813 0.251366
0 0.604688 0.689891 0.271875 0.101093
1 0.133594 0.691257 0.070312 0.054645
0 0.332031 0.603825 0.010937 0.043716
0 0.618750 0.648907 0.021875 0.051913
0 0.503906 0.546448 0.989062 0.327869
