0 0.576562 0.582292 0.184375 0.247917
0 0.742969 0.543750 0.045312 0.187500
0 0.875000 0.546875 0.031250 0.077083
0 0.679688 0.548958 0.028125 0.068750
0 0.955469 0.531250 0.020313 0.029167
1 0.710938 0.585417 0.028125 0.075000
0 0.971094 0.510417 0.007812 0.016667
0 0.450781 0.458333 0.017188 0.041667
0 0.358594 0.523958 0.014063 0.027083
0 0.313281 0.531250 0.014063 0.033333
1 0.180469 0.563542 0.039062 0.031250
1 0.486719 0.605208 0.070312 0.043750
2 0.135937 0.533333 0.012500 0.033333
0 0.601562 0.521875 0.009375 0.022917
0 0.918750 0.537500 0.012500 0.025000
1 0.760156 0.596875 0.032813 0.056250
0 0.346875 0.532292 0.003125 0.006250
0 0.881250 0.510417 0.009375 0.020833
1 0.656250 0.617708 0.006250 0.006250
2 0.262500 0.540625 0.012500 0.014583
