1 0.805469 0.270492 0.070312 0.091335
0 0.384375 0.181499 0.400000 0.362998
0 0.807031 0.229508 0.042188 0.131148
0 0.785937 0.207260 0.015625 0.100703
0 0.682031 0.202576 0.026562 0.119438
0 0.642969 0.227166 0.032813 0.051522
0 0.578125 0.229508 0.025000 0.046838
0 0.542188 0.229508 0.021875 0.046838
0 0.859375 0.230679 0.028125 0.114754
0 0.452344 0.231850 0.023438 0.046838
0 0.830469 0.193208 0.004687 0.016393
0 0.521875 0.231850 0.018750 0.051522
0 0.417187 0.245902 0.018750 0.042155
0 0.942969 0.245902 0.007812 0.018735
0 0.364844 0.229508 0.210938 0.070258
