1 0.617188 0.406103 0.428125 0.370892
2 0.082812 0.504695 0.165625 0.568075
2 0.182031 0.206573 0.364063 0.295775
2 0.457031 0.153756 0.123438 0.129108
2 0.926562 0.302817 0.146875 0.230047
2 0.673438 0.151408 0.371875 0.232394
2 0.924219 0.163146 0.145313 0.147887
2 0.303906 0.151408 0.132812 0.124413
4 0.309375 0.079812 0.209375 0.126761
0 0.567187 0.252347 0.221875 0.504695
0 0.269531 0.091549 0.017188 0.023474
0 0.039062 0.130282 0.034375 0.082160
2 0.968750 0.159624 0.062500 0.103286
2 0.926562 0.448357 0.146875 0.309859
2 0.164844 0.089202 0.157812 0.107981
4 0.475000 0.077465 0.071875 0.093897
2 0.389062 0.137324 0.093750 0.091549
