0 0.257031 0.683054 0.173437 0.395397
0 0.395313 0.669456 0.137500 0.443515
0 0.327344 0.434100 0.114062 0.374477
0 0.127344 0.418410 0.114062 0.297071
0 0.107031 0.666318 0.167187 0.437238
0 0.422656 0.429916 0.079687 0.265690
0 0.875781 0.573222 0.154688 0.606695
0 0.228125 0.456067 0.121875 0.347280
0 0.528125 0.692469 0.134375 0.472803
0 0.647656 0.717573 0.192188 0.510460
0 0.790625 0.709205 0.287500 0.577406
0 0.660937 0.398536 0.103125 0.286611
2 0.059375 0.428870 0.028125 0.041841
2 0.039062 0.416318 0.078125 0.066946
2 0.965625 0.410042 0.068750 0.087866
2 0.032031 0.390167 0.060937 0.039749
0 0.753125 0.411088 0.131250 0.315900
0 0.540625 0.402720 0.200000 0.341004
