2 0.360938 0.771875 0.162500 0.131250
2 0.541406 0.777083 0.223438 0.129167
2 0.163281 0.671875 0.060937 0.027083
2 0.069531 0.677083 0.064062 0.033333
2 0.688281 0.717708 0.101562 0.031250
3 0.435156 0.542708 0.076563 0.143750
0 0.039844 0.705208 0.026562 0.089583
5 0.591406 0.630208 0.548438 0.185417
0 0.891406 0.691667 0.023438 0.058333
0 0.822656 0.698958 0.042188 0.060417
0 0.975781 0.703125 0.020313 0.089583
1 0.433594 0.542708 0.073438 0.122917
5 0.162500 0.671875 0.056250 0.027083
0 0.139844 0.717708 0.023438 0.068750
0 0.426563 0.480208 0.059375 0.135417
2 0.267969 0.770833 0.051562 0.116667
