4 0.703906 0.375587 0.401562 0.708920
0 0.633594 0.699531 0.120313 0.389671
0 0.310156 0.645540 0.057813 0.338028
0 0.485156 0.679577 0.098437 0.420188
0 0.969531 0.701878 0.060937 0.234742
0 0.174219 0.671362 0.073438 0.291080
0 0.420312 0.627934 0.028125 0.086854
0 0.354687 0.685446 0.056250 0.333333
0 0.386719 0.615023 0.048438 0.497653
0 0.952344 0.688967 0.095312 0.448357
0 0.431250 0.673709 0.071875 0.389671
3 0.223438 0.611502 0.031250 0.072770
0 0.407031 0.546948 0.029687 0.084507
0 0.163281 0.626761 0.032813 0.079812
0 0.664062 0.482394 0.540625 0.241784
