2 0.571094 0.722482 0.185938 0.213115
2 0.830469 0.689696 0.045312 0.058548
2 0.333594 0.673302 0.054688 0.039813
2 0.296094 0.676815 0.042188 0.032787
2 0.410938 0.677986 0.037500 0.021077
4 0.734375 0.655738 0.034375 0.042155
5 0.864844 0.676815 0.032813 0.051522
5 0.637500 0.656909 0.034375 0.044496
2 0.707031 0.683841 0.042188 0.051522
2 0.757031 0.668618 0.017188 0.011710
2 0.457813 0.673302 0.040625 0.025761
2 0.193750 0.675644 0.037500 0.035129
2 0.866406 0.686183 0.029687 0.032787
2 0.667188 0.670960 0.025000 0.011710
5 0.098437 0.711944 0.196875 0.196721
2 0.478906 0.676815 0.020313 0.023419
5 0.807813 0.674473 0.025000 0.037471
2 0.459375 0.708431 0.918750 0.194379
