2 0.871875 0.541570 0.256250 0.136259
2 0.857812 0.648961 0.284375 0.212471
2 0.828906 0.316397 0.242188 0.087760
2 0.094531 0.636259 0.185938 0.265589
2 0.853125 0.504619 0.293750 0.145497
2 0.848437 0.422633 0.300000 0.120092
2 0.263281 0.427252 0.139063 0.166282
2 0.187500 0.266744 0.156250 0.085450
4 0.489844 0.489607 0.304688 0.752887
0 0.405469 0.595843 0.070312 0.092379
0 0.031250 0.580831 0.034375 0.053118
2 0.056250 0.296767 0.112500 0.094688
2 0.791406 0.375289 0.151562 0.076212
2 0.639844 0.235566 0.017188 0.083141
2 0.807031 0.286374 0.160938 0.060046
