4 0.870000 0.663664 0.216000 0.174174
0 0.817000 0.714715 0.022000 0.060060
0 0.584000 0.677177 0.016000 0.045045
3 0.816000 0.734234 0.032000 0.045045
2 0.509000 0.705706 0.114000 0.066066
2 0.634000 0.647147 0.052000 0.057057
2 0.417000 0.648649 0.042000 0.060060
2 0.685000 0.591592 0.050000 0.048048
2 0.421000 0.489489 0.014000 0.018018
2 0.744000 0.591592 0.048000 0.042042
3 0.585000 0.692192 0.038000 0.033033
2 0.544000 0.525526 0.024000 0.024024
2 0.425000 0.552553 0.018000 0.036036
2 0.387000 0.534535 0.018000 0.030030
2 0.405000 0.506006 0.014000 0.021021
2 0.504000 0.519520 0.020000 0.024024
2 0.591000 0.603604 0.042000 0.048048
0 0.807000 0.711712 0.014000 0.054054
0 0.903000 0.588589 0.018000 0.030030
0 0.935000 0.606607 0.010000 0.048048
0 0.884000 0.579580 0.012000 0.030030
0 0.128000 0.968468 0.020000 0.039039
0 0.251000 0.612613 0.010000 0.048048
2 0.597000 0.558559 0.034000 0.042042
2 0.375000 0.566066 0.342000 0.225225
