3 0.529000 0.552553 0.294000 0.312312
4 0.765000 0.539039 0.114000 0.099099
0 0.045000 0.675676 0.034000 0.096096
0 0.421000 0.301802 0.086000 0.267267
0 0.254000 0.605105 0.024000 0.069069
0 0.088000 0.683183 0.036000 0.075075
0 0.113000 0.690691 0.030000 0.054054
0 0.141000 0.692192 0.034000 0.063063
0 0.106000 0.641141 0.020000 0.057057
0 0.170000 0.699700 0.044000 0.078078
0 0.575000 0.417417 0.094000 0.348348
0 0.817000 0.750751 0.038000 0.144144
0 0.662000 0.810811 0.036000 0.072072
0 0.150000 0.644144 0.024000 0.057057
3 0.417000 0.487988 0.238000 0.339339
0 0.860000 0.710210 0.028000 0.057057
0 0.501000 0.698198 0.994000 0.369369
