0 0.601562 0.379707 0.012500 0.048117
0 0.616406 0.904812 0.110937 0.161088
0 0.076563 0.920502 0.153125 0.158996
0 0.637500 0.224895 0.009375 0.014644
0 0.621875 0.302301 0.009375 0.023013
0 0.476562 0.247908 0.012500 0.031381
0 0.441406 0.239540 0.007812 0.014644
0 0.430469 0.221757 0.010937 0.020921
0 0.634375 0.535565 0.081250 0.179916
0 0.207813 0.942469 0.087500 0.085774
0 0.274219 0.383891 0.010937 0.048117
0 0.061719 0.417364 0.032813 0.043933
0 0.421094 0.955021 0.160938 0.089958
0 0.500000 0.337866 0.996875 0.307531
