2 0.303991 0.123438 0.138498 0.046875
2 0.422535 0.111719 0.107981 0.032813
3 0.896714 0.812500 0.206573 0.356250
3 0.280516 0.356250 0.561033 0.481250
3 0.578638 0.492969 0.842723 0.692187
0 0.841549 0.219531 0.086854 0.120313
0 0.921362 0.206250 0.068075 0.078125
0 0.977700 0.196875 0.039906 0.031250
0 0.714789 0.155469 0.058685 0.029687
0 0.792254 0.171094 0.039906 0.051562
0 0.618545 0.149219 0.044601 0.067187
0 0.395540 0.121094 0.053991 0.076563
0 0.078638 0.121094 0.100939 0.223438
0 0.967136 0.189062 0.032864 0.037500
0 0.819249 0.182812 0.042254 0.062500
0 0.208920 0.136719 0.154930 0.173437
0 0.510563 0.127344 0.068075 0.054688
0 0.449531 0.140625 0.645540 0.178125
