0 0.903125 0.508216 0.009375 0.030516
0 0.885938 0.508216 0.006250 0.025822
0 0.860938 0.509390 0.006250 0.028169
0 0.771094 0.494131 0.017188 0.025822
0 0.746875 0.488263 0.021875 0.028169
0 0.897656 0.505869 0.007812 0.035211
0 0.846094 0.515258 0.004687 0.025822
0 0.828906 0.505869 0.014063 0.044601
0 0.875000 0.509390 0.006250 0.028169
0 0.908594 0.509390 0.007812 0.028169
4 0.464844 0.462441 0.045312 0.018779
0 0.957031 0.522300 0.004687 0.007042
0 0.810156 0.512911 0.017188 0.035211
0 0.857812 0.511737 0.059375 0.075117
