0 0.125817 0.803922 0.147059 0.127451
0 0.334150 0.697712 0.063725 0.075163
0 0.811275 0.708333 0.096405 0.191176
0 0.603758 0.784314 0.145425 0.179739
0 0.280229 0.887255 0.168301 0.176471
5 0.830065 0.556373 0.271242 0.187908
5 0.280229 0.539216 0.488562 0.258170
0 0.502451 0.889706 0.129085 0.142157
0 0.361111 0.821895 0.189542 0.277778
0 0.745098 0.624183 0.052288 0.160131
0 0.696895 0.741830 0.125817 0.235294
0 0.685458 0.617647 0.034314 0.032680
0 0.940359 0.607026 0.044118 0.142157
0 0.763889 0.567810 0.021242 0.057190
0 0.781046 0.600490 0.035948 0.116013
5 0.465686 0.611928 0.500000 0.272876
