2 0.840625 0.425764 0.315625 0.458515
3 0.297656 0.617904 0.367188 0.497817
0 0.636719 0.413755 0.095312 0.412664
0 0.944531 0.604803 0.110937 0.358079
0 0.093750 0.411572 0.062500 0.251092
0 0.567969 0.495633 0.135937 0.305677
0 0.124219 0.315502 0.042188 0.111354
0 0.022656 0.332969 0.045312 0.172489
0 0.250000 0.540393 0.256250 0.613537
0 0.967187 0.312227 0.065625 0.082969
0 0.867188 0.319869 0.090625 0.076419
0 0.489063 0.442140 0.046875 0.115721
0 0.245312 0.305677 0.034375 0.096070
0 0.181250 0.296943 0.065625 0.126638
2 0.100781 0.267467 0.151562 0.050218
2 0.591406 0.337336 0.351562 0.299127
0 0.354687 0.302402 0.065625 0.229258
0 0.123438 0.400655 0.243750 0.281659
