2 0.935937 0.726389 0.078125 0.213889
4 0.517969 0.477778 0.235937 0.666667
0 0.670312 0.677778 0.050000 0.177778
0 0.797656 0.616667 0.042188 0.122222
0 0.013281 0.720833 0.023438 0.319444
0 0.387500 0.645833 0.028125 0.169444
0 0.734375 0.608333 0.050000 0.105556
0 0.980469 0.701389 0.039062 0.463889
0 0.764062 0.601389 0.031250 0.119444
0 0.916406 0.626389 0.023438 0.091667
0 0.946094 0.597222 0.026562 0.072222
0 0.679688 0.620833 0.018750 0.091667
0 0.707031 0.605556 0.017188 0.094444
5 0.939844 0.670833 0.085938 0.319444
0 0.741406 0.595833 0.020313 0.113889
0 0.760938 0.602778 0.018750 0.111111
0 0.660156 0.576389 0.370312 0.175000
