0 0.737500 0.658451 0.050000 0.260563
0 0.485938 0.820423 0.196875 0.166667
0 0.828125 0.705399 0.065625 0.269953
0 0.546875 0.659624 0.025000 0.117371
0 0.961719 0.646714 0.070312 0.481221
0 0.589063 0.666667 0.050000 0.173709
0 0.571875 0.752347 0.106250 0.213615
0 0.925000 0.688967 0.043750 0.161972
0 0.196875 0.661972 0.075000 0.305164
0 0.284375 0.713615 0.071875 0.230047
0 0.264062 0.677230 0.062500 0.279343
1 0.053125 0.773474 0.053125 0.091549
0 0.403906 0.677230 0.042188 0.152582
0 0.725000 0.762911 0.187500 0.220657
1 0.123438 0.766432 0.093750 0.096244
0 0.500000 0.661972 0.928125 0.305164
