4 0.643750 0.439130 0.334375 0.769565
0 0.953125 0.518478 0.071875 0.089130
0 0.875781 0.558696 0.023438 0.113043
0 0.835938 0.564130 0.012500 0.050000
2 0.120313 0.659783 0.206250 0.271739
2 0.403906 0.607609 0.142187 0.189130
0 0.259375 0.579348 0.040625 0.132609
0 0.274219 0.567391 0.020313 0.113043
0 0.896875 0.564130 0.037500 0.141304
4 0.903906 0.536957 0.079687 0.104348
5 0.126562 0.663043 0.203125 0.278261
0 0.223438 0.576087 0.034375 0.121739
0 0.075781 0.517391 0.017188 0.017391
0 0.042969 0.586957 0.026562 0.060870
4 0.013281 0.544565 0.026562 0.550000
