2 0.539844 0.797917 0.057813 0.041667
2 0.534375 0.770833 0.025000 0.012500
2 0.609375 0.775000 0.018750 0.016667
4 0.232031 0.756250 0.464062 0.412500
0 0.627344 0.887500 0.067187 0.225000
0 0.576562 0.882292 0.046875 0.235417
0 0.497656 0.885417 0.067187 0.225000
0 0.664062 0.791667 0.015625 0.058333
0 0.481250 0.775000 0.006250 0.029167
0 0.279687 0.776042 0.015625 0.018750
0 0.488281 0.772917 0.007812 0.025000
2 0.510938 0.767708 0.015625 0.014583
2 0.594531 0.779167 0.017188 0.025000
4 0.547656 0.757292 0.035937 0.039583
