2 0.698438 0.793217 0.203125 0.172867
3 0.578125 0.947484 0.084375 0.105033
3 0.863281 0.897155 0.073438 0.122538
3 0.022656 0.564551 0.045312 0.056893
3 0.120313 0.547046 0.028125 0.056893
0 0.320312 0.563457 0.037500 0.107221
0 0.474219 0.538293 0.048438 0.105033
0 0.353125 0.572210 0.034375 0.102845
0 0.581250 0.923414 0.053125 0.126915
0 0.867188 0.868709 0.062500 0.118162
0 0.503906 0.548140 0.026562 0.111597
0 0.285938 0.526258 0.021875 0.028446
0 0.127344 0.494530 0.023438 0.048140
0 0.380469 0.574398 0.014063 0.080963
0 0.371094 0.552516 0.014063 0.080963
0 0.616406 0.920131 0.032813 0.129103
0 0.486719 0.694748 0.970313 0.606127
