2 0.448437 0.491546 0.028125 0.031401
2 0.708594 0.489130 0.023438 0.021739
0 0.304688 0.568841 0.037500 0.147343
0 0.273438 0.560386 0.034375 0.140097
0 0.892188 0.582126 0.065625 0.072464
0 0.827344 0.594203 0.023438 0.057971
2 0.721875 0.484300 0.018750 0.016908
2 0.637500 0.498792 0.018750 0.021739
2 0.378125 0.498792 0.018750 0.021739
0 0.600000 0.493961 0.012500 0.055556
4 0.016406 0.489130 0.026562 0.060386
5 0.132031 0.512077 0.073438 0.038647
2 0.732812 0.479469 0.012500 0.007246
0 0.563281 0.500000 0.010937 0.033816
