4 0.242969 0.490305 0.482812 0.980609
3 0.501563 0.631579 0.015625 0.038781
5 0.490625 0.587258 0.031250 0.088643
0 0.959375 0.620499 0.078125 0.387812
0 0.778125 0.722992 0.050000 0.315789
0 0.824219 0.711911 0.064062 0.443213
0 0.737500 0.695291 0.059375 0.293629
0 0.656250 0.660665 0.028125 0.207756
0 0.611719 0.635734 0.026562 0.180055
0 0.585938 0.627424 0.028125 0.157895
0 0.566406 0.628809 0.023438 0.110803
0 0.635156 0.559557 0.010937 0.027701
0 0.707812 0.677285 0.050000 0.301939
0 0.881250 0.707756 0.109375 0.556787
0 0.501563 0.602493 0.021875 0.063712
0 0.528125 0.602493 0.009375 0.069252
0 0.653906 0.599723 0.292187 0.130194
