2 0.453125 0.177570 0.493750 0.257009
3 0.480469 0.558411 0.935937 0.780374
3 0.481250 0.228972 0.381250 0.359813
0 0.807031 0.060748 0.035937 0.079439
0 0.764062 0.057243 0.018750 0.053738
0 0.059375 0.072430 0.025000 0.079439
0 0.102344 0.051402 0.020313 0.046729
2 0.639062 0.123832 0.206250 0.098131
2 0.064062 0.094626 0.115625 0.067757
2 0.232813 0.081776 0.153125 0.065421
0 0.028906 0.264019 0.057813 0.158879
0 0.934375 0.063084 0.025000 0.107477
0 0.010937 0.077103 0.021875 0.088785
0 0.085938 0.058411 0.018750 0.056075
0 0.612500 0.054907 0.021875 0.049065
0 0.028125 0.075935 0.031250 0.086449
2 0.143750 0.135514 0.287500 0.163551
2 0.227344 0.060748 0.145313 0.051402
2 0.508594 0.064252 0.067187 0.058411
2 0.914844 0.047897 0.035937 0.039720
2 0.753125 0.054907 0.015625 0.021028
2 0.624219 0.067757 0.048438 0.028037
3 0.488281 0.214953 0.229687 0.093458
0 0.776563 0.056075 0.009375 0.051402
0 0.888281 0.060748 0.010937 0.046729
0 0.555469 0.058411 0.054688 0.084112
0 0.517969 0.149533 0.960938 0.294393
2 0.398438 0.047897 0.078125 0.016355
