1 0.130000 0.117778 0.156667 0.235556
1 0.221667 0.797778 0.443333 0.377778
1 0.168333 0.515556 0.133333 0.204444
2 0.591667 0.341111 0.203333 0.077778
2 0.422500 0.325556 0.078333 0.086667
0 0.390000 0.435556 0.080000 0.271111
0 0.575833 0.425556 0.055000 0.180000
0 0.240000 0.420000 0.073333 0.293333
0 0.650833 0.375556 0.058333 0.142222
0 0.770833 0.676667 0.141667 0.646667
0 0.520000 0.368889 0.060000 0.093333
0 0.741667 0.625556 0.103333 0.531111
1 0.304167 0.627778 0.251667 0.166667
1 0.551667 0.486667 0.273333 0.231111
1 0.653333 0.441111 0.106667 0.100000
1 0.905833 0.166667 0.131667 0.173333
0 0.442500 0.383333 0.038333 0.140000
1 0.313333 0.732222 0.340000 0.304444
1 0.357500 0.868889 0.165000 0.222222
1 0.185000 0.671111 0.140000 0.128889
5 0.242500 0.272222 0.118333 0.122222
0 0.285000 0.417778 0.053333 0.186667
1 0.309167 0.584444 0.195000 0.151111
0 0.025833 0.454444 0.051667 0.437778
1 0.352500 0.846667 0.235000 0.240000
