1 0.034375 0.541754 0.056250 0.043841
2 0.214844 0.589770 0.145313 0.135699
2 0.129688 0.570981 0.028125 0.085595
2 0.391406 0.485386 0.223438 0.215031
0 0.895312 0.581420 0.093750 0.240084
0 0.100781 0.556367 0.048438 0.144050
3 0.034375 0.544885 0.053125 0.033403
5 0.542188 0.491649 0.628125 0.624217
0 0.135937 0.514614 0.012500 0.031315
0 0.202344 0.519833 0.017188 0.029228
0 0.228125 0.503132 0.015625 0.045929
0 0.071094 0.527140 0.017188 0.068894
0 0.167969 0.512526 0.017188 0.031315
0 0.264844 0.491649 0.010937 0.027140
0 0.193750 0.559499 0.046875 0.033403
0 0.156250 0.511482 0.012500 0.029228
0 0.111719 0.507307 0.010937 0.025052
0 0.251563 0.507307 0.018750 0.029228
0 0.276562 0.506263 0.012500 0.031315
