0 0.568750 0.698611 0.093750 0.580556
0 0.668750 0.693056 0.115625 0.608333
0 0.712500 0.290278 0.009375 0.030556
0 0.670312 0.316667 0.006250 0.050000
0 0.224219 0.577778 0.048438 0.316667
0 0.148438 0.493056 0.034375 0.163889
0 0.130469 0.490278 0.032813 0.163889
0 0.077344 0.470833 0.026562 0.108333
0 0.803906 0.559722 0.042188 0.263889
0 0.753906 0.538889 0.054688 0.283333
0 0.968750 0.452778 0.037500 0.255556
4 0.225000 0.440278 0.187500 0.219444
0 0.397656 0.656944 0.076563 0.486111
0 0.175000 0.487500 0.015625 0.169444
0 0.504687 0.563889 0.987500 0.661111
