3 0.450000 0.648000 0.452000 0.458667
4 0.647000 0.358667 0.346000 0.205333
6 0.694000 0.357333 0.404000 0.213333
0 0.631000 0.429333 0.062000 0.160000
0 0.909000 0.389333 0.022000 0.048000
2 0.992000 0.369333 0.016000 0.018667
1 0.297000 0.810667 0.594000 0.378667
1 0.678000 0.670667 0.192000 0.333333
1 0.743000 0.648000 0.102000 0.213333
1 0.852000 0.634667 0.124000 0.282667
1 0.500000 0.757333 0.356000 0.458667
1 0.857000 0.520000 0.154000 0.144000
1 0.858000 0.577333 0.160000 0.178667
1 0.947000 0.470667 0.046000 0.040000
1 0.307000 0.730667 0.454000 0.298667
1 0.255000 0.645333 0.186000 0.170667
1 0.709000 0.550667 0.038000 0.072000
1 0.546000 0.525333 0.100000 0.058667
2 0.962000 0.401333 0.052000 0.034667
2 0.925000 0.364000 0.022000 0.013333
4 0.853000 0.370667 0.070000 0.085333
0 0.991000 0.421333 0.018000 0.080000
1 0.728000 0.614667 0.056000 0.050667
1 0.537000 0.673333 0.830000 0.520000
