1 0.107813 0.684579 0.106250 0.369159
2 0.301563 0.353972 0.068750 0.053738
0 0.216406 0.609813 0.139063 0.621495
0 0.374219 0.477804 0.070312 0.408879
0 0.754687 0.484813 0.103125 0.408879
0 0.897656 0.403037 0.035937 0.142523
0 0.929688 0.399533 0.034375 0.140187
2 0.925000 0.372664 0.090625 0.067757
0 0.983594 0.400701 0.032813 0.179907
0 0.845313 0.383178 0.021875 0.121495
2 0.041406 0.346963 0.048438 0.025701
2 0.091406 0.352804 0.067187 0.037383
2 0.813281 0.358645 0.029687 0.025701
0 0.397656 0.478972 0.064062 0.341121
0 0.532031 0.373832 0.057813 0.140187
