2 0.296875 0.628514 0.212500 0.080321
2 0.979688 0.640562 0.040625 0.052209
3 0.368750 0.800201 0.371875 0.287149
3 0.593750 0.811245 0.093750 0.156627
2 0.686719 0.619478 0.076563 0.034137
0 0.927344 0.711847 0.073438 0.283133
0 0.893750 0.681727 0.037500 0.242972
0 0.630469 0.632530 0.048438 0.136546
0 0.457031 0.710843 0.060937 0.176707
0 0.577344 0.631526 0.060937 0.146586
0 0.364844 0.782129 0.157812 0.351406
0 0.511719 0.672691 0.070312 0.128514
0 0.148438 0.608434 0.059375 0.204819
2 0.715625 0.613454 0.140625 0.042169
0 0.597656 0.643574 0.045312 0.110442
0 0.051562 0.656627 0.050000 0.168675
0 0.729688 0.691767 0.065625 0.206827
0 0.331250 0.532129 0.037500 0.068273
2 0.676562 0.633534 0.056250 0.042169
2 0.830469 0.674699 0.129688 0.212851
3 0.448437 0.766064 0.303125 0.251004
3 0.612500 0.795181 0.084375 0.140562
0 0.238281 0.486948 0.029687 0.074297
0 0.275000 0.560241 0.550000 0.461847
