2 0.233594 0.492708 0.307812 0.172917
2 0.442188 0.467708 0.100000 0.106250
2 0.217188 0.366667 0.046875 0.029167
2 0.101562 0.361458 0.034375 0.027083
2 0.077344 0.361458 0.026562 0.022917
2 0.050000 0.359375 0.034375 0.022917
2 0.016406 0.520833 0.032813 0.104167
2 0.172656 0.365625 0.035937 0.022917
2 0.406250 0.375000 0.071875 0.037500
0 0.031250 0.414583 0.043750 0.129167
0 0.518750 0.372917 0.012500 0.029167
0 0.167187 0.388542 0.021875 0.047917
0 0.252344 0.451042 0.045312 0.031250
2 0.335938 0.369792 0.059375 0.039583
2 0.137500 0.364583 0.028125 0.025000
4 0.825781 0.395833 0.348438 0.295833
