3 0.418750 0.442708 0.143750 0.172917
3 0.770312 0.352083 0.018750 0.050000
0 0.767969 0.313542 0.020313 0.039583
0 0.815625 0.318750 0.015625 0.037500
0 0.936719 0.323958 0.023438 0.047917
0 0.797656 0.319792 0.020313 0.060417
0 0.978125 0.314583 0.012500 0.025000
0 0.997656 0.311458 0.004687 0.022917
3 0.890625 0.332292 0.012500 0.018750
3 0.816406 0.330208 0.017188 0.027083
0 0.144531 0.289583 0.079687 0.212500
0 0.389062 0.355208 0.093750 0.189583
3 0.160938 0.364583 0.128125 0.216667
3 0.935156 0.345833 0.023438 0.037500
3 0.978125 0.328125 0.006250 0.018750
3 0.998437 0.319792 0.003125 0.014583
2 0.941406 0.305208 0.029687 0.018750
0 0.441406 0.361458 0.070312 0.218750
