0 0.294531 0.794792 0.251563 0.385417
0 0.091406 0.859375 0.123438 0.277083
0 0.507031 0.878125 0.229687 0.218750
0 0.805469 0.940625 0.104688 0.110417
0 0.807813 0.826042 0.156250 0.310417
0 0.660156 0.868750 0.067187 0.129167
0 0.732031 0.917708 0.048438 0.156250
0 0.902344 0.879167 0.039062 0.091667
0 0.616406 0.897917 0.045312 0.187500
0 0.753906 0.942708 0.035937 0.106250
1 0.942187 0.957292 0.090625 0.081250
0 0.474219 0.769792 0.035937 0.052083
0 0.017188 0.873958 0.034375 0.185417
1 0.907813 0.967708 0.071875 0.060417
2 0.641406 0.736458 0.029687 0.010417
0 0.328906 0.898958 0.107813 0.202083
0 0.460938 0.877083 0.862500 0.225000
