2 0.308594 0.658371 0.617188 0.633484
2 0.561719 0.588235 0.189062 0.443439
2 0.739844 0.365385 0.089063 0.110860
2 0.626563 0.389140 0.093750 0.108597
2 0.207813 0.804299 0.415625 0.364253
0 0.960156 0.515837 0.076563 0.457014
0 0.427344 0.331448 0.029687 0.065611
0 0.370312 0.316742 0.046875 0.072398
0 0.578906 0.345023 0.017188 0.065611
0 0.053125 0.265837 0.034375 0.128959
0 0.471875 0.335973 0.021875 0.065611
0 0.510156 0.329186 0.010937 0.033937
2 0.646094 0.309955 0.042188 0.018100
2 0.784375 0.392534 0.034375 0.101810
5 0.774219 0.300905 0.064062 0.081448
0 0.489844 0.332579 0.017188 0.063348
0 0.843750 0.496606 0.112500 0.536199
0 0.399219 0.315611 0.026562 0.042986
2 0.635156 0.345023 0.067187 0.056561
