3 0.631250 0.585882 0.346875 0.423529
3 0.792188 0.564706 0.115625 0.305882
3 0.349219 0.541176 0.054688 0.155294
3 0.310156 0.548235 0.026562 0.061176
3 0.263281 0.527059 0.017188 0.042353
0 0.125781 0.628235 0.114062 0.202353
0 0.182812 0.530588 0.021875 0.148235
0 0.339062 0.516471 0.034375 0.138824
0 0.418750 0.516471 0.021875 0.124706
0 0.588281 0.530588 0.101562 0.388235
0 0.883594 0.489412 0.017188 0.051765
0 0.941406 0.557647 0.020313 0.075294
0 0.264062 0.515294 0.018750 0.047059
0 0.169531 0.528235 0.017188 0.120000
0 0.710938 0.436471 0.056250 0.110588
0 0.019531 0.562353 0.039062 0.282353
0 0.894531 0.562353 0.023438 0.080000
3 0.429688 0.542353 0.081250 0.148235
0 0.107813 0.495294 0.031250 0.124706
0 0.453125 0.569412 0.871875 0.296471
