2 0.179688 0.630896 0.046875 0.068396
4 0.433594 0.568396 0.467187 0.551887
0 0.516406 0.367925 0.017188 0.033019
0 0.475000 0.358491 0.034375 0.047170
0 0.391406 0.371462 0.026562 0.035377
0 0.341406 0.400943 0.026562 0.051887
0 0.317969 0.629717 0.032813 0.051887
0 0.280469 0.426887 0.017188 0.028302
0 0.463281 0.614387 0.067187 0.110849
0 0.257812 0.430425 0.037500 0.054245
0 0.517969 0.603774 0.048438 0.099057
0 0.227344 0.438679 0.023438 0.042453
0 0.244531 0.428066 0.014063 0.035377
0 0.443750 0.370283 0.028125 0.028302
0 0.322656 0.411557 0.014063 0.044811
0 0.364063 0.516509 0.281250 0.306604
