0 0.474219 0.361458 0.032813 0.047917
0 0.725781 0.461458 0.010937 0.018750
0 0.789844 0.467708 0.010937 0.022917
0 0.821094 0.472917 0.007812 0.020833
0 0.854688 0.478125 0.012500 0.027083
0 0.654687 0.515625 0.021875 0.047917
5 0.762500 0.590625 0.346875 0.135417
0 0.791406 0.489583 0.017188 0.025000
0 0.217188 0.444792 0.015625 0.018750
0 0.240625 0.440625 0.018750 0.022917
0 0.995313 0.537500 0.009375 0.012500
0 0.973437 0.536458 0.018750 0.014583
0 0.955469 0.530208 0.014063 0.027083
0 0.493750 0.502083 0.984375 0.225000
