2 0.703125 0.604167 0.037500 0.041667
0 0.290625 0.630208 0.062500 0.235417
0 0.125781 0.633333 0.070312 0.250000
0 0.428125 0.589583 0.031250 0.066667
0 0.478906 0.588542 0.023438 0.060417
0 0.031250 0.635417 0.062500 0.283333
0 0.867969 0.741667 0.157812 0.287500
0 0.970313 0.734375 0.059375 0.277083
0 0.342969 0.595833 0.035937 0.066667
0 0.458594 0.594792 0.023438 0.047917
0 0.371094 0.595833 0.026562 0.062500
3 0.300781 0.809375 0.598437 0.381250
3 0.507812 0.795833 0.209375 0.379167
3 0.562500 0.665625 0.118750 0.131250
3 0.593750 0.734375 0.106250 0.122917
3 0.620313 0.612500 0.018750 0.037500
3 0.639844 0.605208 0.020313 0.035417
0 0.883594 0.605208 0.023438 0.039583
3 0.864062 0.770833 0.153125 0.300000
3 0.601562 0.822917 0.128125 0.275000
3 0.591406 0.638542 0.064062 0.093750
3 0.975000 0.757292 0.050000 0.206250
3 0.545312 0.594792 0.012500 0.014583
0 0.930469 0.608333 0.032813 0.075000
3 0.613281 0.612500 0.010937 0.020833
0 0.229687 0.623958 0.059375 0.202083
0 0.540625 0.608333 0.915625 0.129167
