1 0.578078 0.725000 0.843844 0.550000
0 0.642643 0.391000 0.480480 0.302000
0 0.138138 0.521000 0.066066 0.034000
0 0.294294 0.469000 0.114114 0.070000
0 0.855856 0.199000 0.192192 0.150000
0 0.639640 0.248000 0.084084 0.048000
0 0.249249 0.471000 0.060060 0.038000
0 0.199700 0.499000 0.057057 0.038000
1 0.262763 0.499000 0.045045 0.038000
1 0.210210 0.513000 0.066066 0.038000
0 0.609610 0.250000 0.030030 0.032000
0 0.397898 0.378000 0.033033 0.024000
0 0.306306 0.708000 0.612613 0.520000
0 0.330330 0.428000 0.060060 0.044000
