0 0.730469 0.574941 0.039062 0.156909
0 0.562500 0.482436 0.021875 0.098361
0 0.585938 0.480094 0.015625 0.093677
0 0.680469 0.488290 0.026562 0.100703
0 0.726562 0.483607 0.025000 0.063232
0 0.984375 0.535129 0.031250 0.147541
0 0.479687 0.535129 0.037500 0.147541
0 0.766406 0.466042 0.014063 0.046838
0 0.892188 0.676815 0.059375 0.182670
0 0.893750 0.536300 0.034375 0.140515
0 0.753125 0.558548 0.025000 0.133489
0 0.784375 0.511710 0.034375 0.119438
0 0.810156 0.480094 0.020313 0.107728
0 0.500000 0.538642 0.996875 0.290398
