3 0.032000 0.896000 0.064000 0.181333
2 0.231000 0.532000 0.034000 0.034667
0 0.338000 0.589333 0.024000 0.112000
0 0.399000 0.556000 0.022000 0.077333
0 0.549000 0.581333 0.034000 0.133333
0 0.457000 0.574667 0.018000 0.077333
0 0.762000 0.633333 0.044000 0.200000
0 0.818000 0.641333 0.056000 0.189333
0 0.787000 0.625333 0.034000 0.189333
0 0.598000 0.588000 0.020000 0.125333
5 0.126000 0.693333 0.248000 0.426667
0 0.508000 0.573333 0.020000 0.080000
0 0.428000 0.558667 0.024000 0.082667
0 0.377000 0.557333 0.018000 0.074667
0 0.911000 0.666667 0.070000 0.261333
3 0.527000 0.601333 0.018000 0.040000
0 0.977000 0.661333 0.042000 0.261333
0 0.442000 0.573333 0.436000 0.229333
