3 0.479687 0.572449 0.900000 0.646939
0 0.054688 0.413265 0.109375 0.348980
0 0.607031 0.353061 0.073438 0.155102
0 0.542188 0.380612 0.056250 0.136735
0 0.655469 0.340816 0.042188 0.142857
0 0.832031 0.252041 0.057813 0.087755
0 0.705469 0.362245 0.048438 0.079592
5 0.836719 0.354082 0.326562 0.471429
5 0.255469 0.312245 0.232813 0.163265
0 0.364063 0.376531 0.043750 0.079592
0 0.682813 0.358163 0.028125 0.087755
0 0.735938 0.342857 0.018750 0.065306
2 0.550781 0.428571 0.060937 0.028571
0 0.575000 0.382653 0.015625 0.091837
0 0.014844 0.462245 0.029687 0.197959
