3 0.704688 0.671875 0.121875 0.268750
0 0.742188 0.590625 0.025000 0.089583
0 0.321875 0.552083 0.006250 0.020833
1 0.927344 0.642708 0.089063 0.072917
1 0.783594 0.617708 0.029687 0.039583
1 0.978125 0.706250 0.040625 0.158333
1 0.825781 0.633333 0.054688 0.075000
1 0.610938 0.740625 0.056250 0.239583
1 0.916406 0.729167 0.039062 0.045833
1 0.882031 0.634375 0.067187 0.056250
1 0.864844 0.634375 0.057813 0.060417
1 0.782813 0.588542 0.040625 0.039583
1 0.796094 0.561458 0.048438 0.031250
1 0.890625 0.593750 0.043750 0.025000
1 0.884375 0.678125 0.100000 0.081250
