3 0.161719 0.386458 0.042188 0.089583
0 0.159375 0.367708 0.043750 0.106250
0 0.754687 0.666667 0.112500 0.091667
0 0.717969 0.522917 0.057813 0.062500
0 0.640625 0.520833 0.071875 0.062500
0 0.546875 0.455208 0.046875 0.043750
0 0.402344 0.354167 0.026562 0.029167
0 0.895312 0.418750 0.028125 0.037500
0 0.394531 0.266667 0.026562 0.029167
0 0.589063 0.290625 0.021875 0.027083
2 0.814063 0.761458 0.371875 0.402083
2 0.573438 0.509375 0.178125 0.210417
2 0.428906 0.391667 0.129688 0.154167
2 0.234375 0.314583 0.093750 0.112500
2 0.916406 0.460417 0.167187 0.166667
5 0.292969 0.278125 0.085938 0.106250
2 0.680469 0.589583 0.251563 0.250000
2 0.656250 0.376042 0.115625 0.127083
2 0.554688 0.408333 0.143750 0.108333
2 0.207031 0.330208 0.364063 0.185417
0 0.753906 0.383333 0.020313 0.029167
5 0.403125 0.268750 0.109375 0.116667
5 0.557813 0.300000 0.125000 0.137500
5 0.778125 0.394792 0.140625 0.168750
