6 0.619531 0.570588 0.467187 0.350588
0 0.567969 0.591765 0.045312 0.115294
0 0.715625 0.429412 0.015625 0.030588
0 0.784375 0.484706 0.040625 0.127059
0 0.827344 0.477647 0.048438 0.075294
0 0.835156 0.462353 0.032813 0.077647
0 0.793750 0.436471 0.025000 0.049412
0 0.671875 0.463529 0.059375 0.075294
0 0.667969 0.444706 0.014063 0.042353
0 0.729688 0.552941 0.034375 0.164706
0 0.708594 0.467059 0.026562 0.068235
0 0.760156 0.483529 0.023438 0.091765
0 0.824219 0.520000 0.048438 0.108235
0 0.746094 0.485882 0.035937 0.091765
0 0.636719 0.475294 0.345313 0.197647
