0 0.695312 0.600467 0.093750 0.219626
0 0.279687 0.560748 0.015625 0.028037
0 0.482812 0.735981 0.181250 0.373832
0 0.630469 0.537383 0.026562 0.112150
0 0.358594 0.532710 0.023438 0.042056
0 0.571094 0.550234 0.026562 0.114486
0 0.087500 0.617991 0.071875 0.189252
0 0.661719 0.044393 0.054688 0.084112
0 0.391406 0.132009 0.035937 0.067757
0 0.332813 0.163551 0.021875 0.037383
0 0.264062 0.551402 0.018750 0.042056
5 0.249219 0.529206 0.070312 0.044393
0 0.335156 0.530374 0.020313 0.051402
0 0.436719 0.128505 0.032813 0.042056
0 0.417187 0.295561 0.803125 0.591121
