2 0.928906 0.491561 0.142187 0.299578
4 0.173437 0.256329 0.187500 0.175105
5 0.557813 0.472574 0.628125 0.624473
0 0.171875 0.440928 0.075000 0.282700
0 0.079687 0.449367 0.053125 0.282700
0 0.021094 0.447257 0.042188 0.303797
0 0.266406 0.324895 0.045312 0.101266
0 0.967187 0.301688 0.028125 0.092827
0 0.921094 0.303797 0.026562 0.105485
0 0.884375 0.308017 0.025000 0.084388
0 0.937500 0.309072 0.018750 0.086498
0 0.645312 0.343882 0.025000 0.046414
0 0.957031 0.401899 0.060937 0.069620
0 0.064062 0.306962 0.012500 0.048523
0 0.573438 0.320675 0.040625 0.097046
0 0.345313 0.347046 0.025000 0.040084
0 0.509375 0.290084 0.971875 0.116034
