5 0.610938 0.596875 0.078125 0.102083
5 0.413281 0.588542 0.095312 0.106250
0 0.067187 0.247917 0.018750 0.050000
0 0.006250 0.089583 0.012500 0.075000
3 0.530469 0.447917 0.082812 0.070833
3 0.627344 0.451042 0.076563 0.064583
3 0.427344 0.450000 0.095312 0.062500
5 0.709375 0.460417 0.084375 0.108333
5 0.514062 0.592708 0.087500 0.106250
5 0.685156 0.600000 0.076563 0.108333
5 0.789844 0.460417 0.085938 0.116667
5 0.562500 0.466667 0.084375 0.125000
5 0.637500 0.464583 0.087500 0.125000
5 0.538281 0.601042 0.607812 0.218750
5 0.421875 0.460417 0.096875 0.125000
5 0.490625 0.461458 0.087500 0.122917
2 0.783594 0.601042 0.076563 0.106250
5 0.327344 0.453125 0.126562 0.118750
0 0.086719 0.223958 0.017188 0.035417
3 0.464844 0.595833 0.032813 0.095833
3 0.745313 0.604167 0.028125 0.116667
5 0.128125 0.532292 0.253125 0.289583
