3 0.482812 0.759756 0.881250 0.480488
3 0.200000 0.570732 0.400000 0.814634
3 0.499219 0.425610 0.267188 0.339024
0 0.617969 0.615854 0.470313 0.743902
0 0.804688 0.420732 0.203125 0.636585
0 0.496094 0.230488 0.257812 0.348780
0 0.396875 0.151220 0.131250 0.302439
0 0.240625 0.230488 0.118750 0.387805
0 0.521875 0.141463 0.121875 0.282927
0 0.690625 0.145122 0.168750 0.290244
0 0.949219 0.331707 0.101562 0.634146
0 0.125781 0.195122 0.117188 0.297561
0 0.851562 0.160976 0.100000 0.253659
0 0.773438 0.065854 0.084375 0.131707
