1 0.729688 0.140625 0.203125 0.181250
3 0.529687 0.592708 0.303125 0.518750
0 0.549219 0.525000 0.285938 0.587500
0 0.278906 0.123958 0.085938 0.247917
0 0.370312 0.132292 0.131250 0.260417
0 0.325000 0.103125 0.034375 0.206250
0 0.450781 0.073958 0.048438 0.147917
0 0.589844 0.090625 0.064062 0.181250
0 0.814063 0.083333 0.078125 0.166667
0 0.054688 0.030208 0.053125 0.060417
0 0.390625 0.075000 0.037500 0.150000
0 0.431250 0.097917 0.012500 0.083333
1 0.089063 0.131250 0.078125 0.137500
0 0.416406 0.068750 0.023438 0.137500
0 0.532031 0.071875 0.060937 0.143750
0 0.019531 0.135417 0.039062 0.233333
0 0.345313 0.132292 0.140625 0.227083
