2 0.614062 0.688222 0.193750 0.110855
2 0.860938 0.676674 0.271875 0.133949
2 0.260156 0.644342 0.029687 0.027714
4 0.415625 0.624711 0.228125 0.163972
0 0.177344 0.675520 0.029687 0.113164
0 0.610938 0.633949 0.015625 0.034642
0 0.637500 0.644342 0.015625 0.036952
2 0.548438 0.644342 0.037500 0.032333
2 0.296094 0.646651 0.017188 0.032333
2 0.165625 0.647806 0.012500 0.030023
0 0.110156 0.674365 0.032813 0.078522
0 0.127344 0.647806 0.007812 0.034642
0 0.583594 0.629330 0.010937 0.006928
2 0.299219 0.651270 0.014063 0.023095
2 0.200000 0.645497 0.012500 0.025404
