1 0.056250 0.638173 0.053125 0.105386
1 0.764844 0.647541 0.060937 0.119438
1 0.946094 0.629977 0.010937 0.065574
0 0.547656 0.525761 0.223438 0.615925
0 0.281250 0.573770 0.018750 0.103044
0 0.264844 0.569087 0.010937 0.074941
0 0.616406 0.605386 0.026562 0.072600
0 0.765625 0.597190 0.053125 0.126464
0 0.812500 0.603044 0.050000 0.217799
0 0.871094 0.599532 0.051562 0.229508
0 0.044531 0.560890 0.026562 0.091335
0 0.430469 0.600703 0.039062 0.072600
0 0.678125 0.594848 0.021875 0.079625
0 0.072656 0.562061 0.020313 0.051522
0 0.946875 0.598361 0.031250 0.114754
0 0.221094 0.565574 0.020313 0.081967
1 0.837500 0.629977 0.028125 0.093677
0 0.499219 0.578454 0.998437 0.192037
