0 0.227344 0.519906 0.014063 0.060890
0 0.195312 0.536300 0.018750 0.056206
0 0.348438 0.497658 0.018750 0.058548
0 0.446875 0.533958 0.012500 0.018735
0 0.607031 0.503513 0.004687 0.014052
0 0.592187 0.502342 0.006250 0.016393
0 0.371875 0.511710 0.018750 0.077283
0 0.464844 0.542155 0.010937 0.021077
1 0.735156 0.927400 0.076563 0.145199
0 0.313281 0.531616 0.020313 0.028103
0 0.255469 0.522248 0.017188 0.018735
0 0.783594 0.720141 0.082812 0.559719
0 0.210938 0.503513 0.009375 0.023419
0 0.282031 0.523419 0.032813 0.039813
0 0.405469 0.524590 0.564063 0.060890
