2 0.957812 0.756250 0.084375 0.062500
2 0.588281 0.781250 0.051562 0.083333
2 0.640625 0.779167 0.053125 0.070833
2 0.089844 0.707292 0.035937 0.035417
2 0.028125 0.709375 0.056250 0.047917
2 0.060937 0.762500 0.118750 0.075000
4 0.782031 0.728125 0.285938 0.189583
0 0.195312 0.802083 0.050000 0.245833
0 0.767188 0.803125 0.053125 0.160417
0 0.392188 0.351042 0.043750 0.168750
0 0.222656 0.312500 0.054688 0.183333
5 0.335156 0.720833 0.495312 0.362500
2 0.618750 0.737500 0.059375 0.050000
2 0.117969 0.705208 0.026562 0.039583
2 0.581250 0.720833 0.040625 0.033333
2 0.043750 0.679167 0.068750 0.020833
