2 0.908594 0.609375 0.120313 0.060417
4 0.542969 0.526042 0.620313 0.552083
0 0.153125 0.625000 0.015625 0.079167
0 0.110937 0.621875 0.021875 0.085417
0 0.225000 0.625000 0.025000 0.066667
0 0.053906 0.622917 0.020313 0.075000
0 0.401562 0.376042 0.043750 0.060417
0 0.582031 0.610417 0.026562 0.037500
0 0.035937 0.627083 0.025000 0.083333
0 0.072656 0.628125 0.020313 0.081250
0 0.177344 0.623958 0.026562 0.081250
0 0.807031 0.455208 0.020313 0.039583
0 0.779687 0.447917 0.025000 0.045833
0 0.021094 0.629167 0.026562 0.075000
2 0.980469 0.595833 0.035937 0.037500
0 0.007812 0.620833 0.015625 0.079167
0 0.608594 0.411458 0.317188 0.110417
