2 0.404687 0.296253 0.065625 0.063232
3 0.381250 0.692037 0.287500 0.433255
3 0.460156 0.605386 0.260937 0.461358
3 0.571875 0.563232 0.121875 0.419204
3 0.617188 0.551522 0.106250 0.367681
0 0.259375 0.552693 0.284375 0.829040
0 0.450781 0.274005 0.035937 0.098361
0 0.722656 0.320843 0.045312 0.079625
0 0.689063 0.322014 0.034375 0.100703
3 0.659375 0.572600 0.084375 0.245902
3 0.682813 0.508197 0.121875 0.276347
0 0.463281 0.269321 0.020313 0.088993
3 0.733594 0.489461 0.054688 0.112412
3 0.757812 0.395785 0.065625 0.098361
