0 0.736719 0.505869 0.342187 0.988263
0 0.484375 0.599765 0.337500 0.748826
0 0.235937 0.615023 0.037500 0.065728
0 0.144531 0.664319 0.020313 0.075117
0 0.064062 0.653756 0.096875 0.302817
0 0.100000 0.622066 0.034375 0.089202
0 0.214062 0.649061 0.018750 0.068075
0 0.321094 0.708920 0.039062 0.079812
0 0.292187 0.685446 0.034375 0.107981
0 0.264844 0.670188 0.039062 0.166667
0 0.334375 0.656103 0.050000 0.176056
0 0.894531 0.634977 0.139063 0.481221
0 0.182031 0.671362 0.042188 0.107981
0 0.305469 0.657277 0.604688 0.215962
