2 0.427344 0.628125 0.048438 0.027083
2 0.481250 0.625000 0.031250 0.020833
2 0.747656 0.626042 0.051562 0.027083
2 0.696094 0.623958 0.039062 0.018750
2 0.460156 0.629167 0.039062 0.025000
2 0.566406 0.629167 0.026562 0.025000
0 0.215625 0.650000 0.028125 0.133333
0 0.589844 0.634375 0.020313 0.077083
0 0.615625 0.630208 0.012500 0.031250
5 0.962500 0.621875 0.059375 0.027083
5 0.454688 0.627083 0.028125 0.025000
5 0.346875 0.625000 0.053125 0.033333
0 0.297656 0.646875 0.017188 0.035417
0 0.496094 0.637500 0.017188 0.041667
0 0.089844 0.627083 0.007812 0.020833
0 0.648438 0.632292 0.012500 0.035417
0 0.510156 0.628125 0.010937 0.027083
0 0.022656 0.621875 0.007812 0.035417
2 0.666406 0.626042 0.032813 0.027083
2 0.316406 0.630208 0.173437 0.022917
2 0.850000 0.625000 0.034375 0.025000
2 0.895312 0.625000 0.018750 0.020833
2 0.817969 0.626042 0.042188 0.022917
0 0.907031 0.626042 0.004687 0.010417
0 0.100781 0.630208 0.007812 0.018750
2 0.190625 0.631250 0.028125 0.016667
