2 0.960156 0.569087 0.051562 0.051522
2 0.987500 0.555035 0.025000 0.046838
4 0.556250 0.483607 0.718750 0.742389
0 0.135937 0.620609 0.034375 0.140515
0 0.021094 0.644028 0.042188 0.201405
0 0.327344 0.500000 0.070312 0.124122
0 0.097656 0.648712 0.048438 0.215457
0 0.572656 0.228337 0.045312 0.067916
0 0.657031 0.236534 0.051562 0.065574
0 0.733594 0.245902 0.026562 0.046838
0 0.770312 0.266979 0.040625 0.046838
0 0.460938 0.217799 0.031250 0.046838
0 0.429688 0.207260 0.028125 0.044496
0 0.700000 0.249415 0.362500 0.128806
0 0.481250 0.214286 0.037500 0.049180
0 0.503125 0.227166 0.015625 0.023419
0 0.567969 0.414520 0.798438 0.463700
