2 0.974219 0.305425 0.051562 0.040094
2 0.920312 0.295991 0.031250 0.016509
2 0.885938 0.295991 0.015625 0.021226
2 0.901563 0.299528 0.012500 0.014151
3 0.502344 0.579009 0.976562 0.790094
3 0.392969 0.384434 0.385937 0.207547
3 0.446094 0.310142 0.192188 0.110849
3 0.479687 0.252358 0.206250 0.117925
0 0.272656 0.254717 0.023438 0.080189
0 0.356250 0.274764 0.018750 0.115566
0 0.548438 0.242925 0.050000 0.103774
0 0.401562 0.222877 0.025000 0.035377
0 0.386719 0.229953 0.014063 0.011792
2 0.871875 0.295991 0.021875 0.016509
3 0.477344 0.246462 0.207813 0.110849
0 0.701562 0.271226 0.012500 0.028302
5 0.070312 0.233491 0.140625 0.122642
