0 0.057813 0.789583 0.115625 0.391667
0 0.399219 0.856250 0.098437 0.287500
0 0.357812 0.852083 0.084375 0.270833
0 0.285938 0.847917 0.075000 0.295833
0 0.723437 0.825000 0.071875 0.204167
0 0.778906 0.842708 0.070312 0.289583
0 0.828125 0.847917 0.068750 0.254167
0 0.923438 0.808333 0.053125 0.191667
0 0.007031 0.346875 0.014063 0.122917
0 0.990625 0.780208 0.018750 0.152083
0 0.364063 0.718750 0.028125 0.054167
0 0.490625 0.820833 0.034375 0.079167
0 0.514062 0.819792 0.031250 0.072917
0 0.416406 0.747917 0.382812 0.133333
