0 0.512500 0.401367 0.243750 0.541016
0 0.374219 0.583984 0.045312 0.187500
0 0.340625 0.580078 0.046875 0.199219
0 0.249219 0.585938 0.032813 0.187500
0 0.291406 0.587891 0.051562 0.179688
0 0.678906 0.582031 0.045312 0.171875
0 0.727344 0.580078 0.045312 0.179688
0 0.628906 0.587891 0.039062 0.171875
0 0.483594 0.581055 0.048438 0.181641
0 0.515625 0.571289 0.031250 0.162109
0 0.756250 0.588867 0.021875 0.154297
0 0.582812 0.638672 0.050000 0.085938
5 0.586719 0.566406 0.051562 0.070312
5 0.666406 0.522461 0.170313 0.130859
0 0.410156 0.576172 0.029687 0.195312
0 0.673438 0.584961 0.165625 0.205078
