1 0.034375 0.425000 0.040625 0.041667
2 0.318750 0.413542 0.087500 0.047917
2 0.166406 0.416667 0.101562 0.045833
2 0.907813 0.440625 0.081250 0.089583
2 0.742188 0.413542 0.040625 0.052083
2 0.590625 0.411458 0.015625 0.014583
2 0.863281 0.438542 0.054688 0.064583
2 0.830469 0.422917 0.070312 0.070833
0 0.035156 0.408333 0.023438 0.054167
5 0.461719 0.408333 0.064062 0.041667
0 0.171875 0.383333 0.009375 0.016667
2 0.548438 0.412500 0.015625 0.020833
2 0.388281 0.414583 0.035937 0.020833
2 0.558594 0.408333 0.020313 0.025000
5 0.321094 0.414583 0.085938 0.054167
5 0.964844 0.427083 0.070312 0.137500
5 0.655469 0.403125 0.026562 0.035417
5 0.521875 0.409375 0.040625 0.035417
2 0.766406 0.423958 0.020313 0.039583
5 0.790625 0.420833 0.040625 0.062500
2 0.656250 0.411458 0.315625 0.081250
