2 0.673438 0.510539 0.103125 0.065574
2 0.603125 0.485948 0.087500 0.049180
2 0.618750 0.512881 0.056250 0.056206
3 0.235156 0.614754 0.364063 0.372365
3 0.962500 0.544496 0.056250 0.096019
3 0.853125 0.530445 0.071875 0.072600
3 0.803906 0.530445 0.042188 0.077283
3 0.741406 0.530445 0.032813 0.058548
3 0.725781 0.521077 0.051562 0.077283
0 0.205469 0.564403 0.095312 0.473068
0 0.146094 0.511710 0.064062 0.306792
0 0.635938 0.510539 0.150000 0.084309
0 0.599219 0.503513 0.014063 0.070258
0 0.756250 0.487119 0.015625 0.042155
0 0.814844 0.484778 0.023438 0.060890
0 0.838281 0.484778 0.017188 0.042155
0 0.853125 0.515222 0.034375 0.112412
0 0.928906 0.519906 0.042188 0.140515
0 0.776563 0.514052 0.028125 0.100703
3 0.683594 0.524590 0.054688 0.060890
0 0.985156 0.518735 0.029687 0.142857
2 0.520312 0.490632 0.018750 0.016393
3 0.906250 0.537471 0.059375 0.091335
