6 0.620313 0.650735 0.175000 0.389706
0 0.270313 0.840686 0.018750 0.098039
0 0.381250 0.823529 0.053125 0.196078
0 0.339062 0.894608 0.050000 0.156863
0 0.171875 0.919118 0.050000 0.161765
0 0.242188 0.844363 0.040625 0.174020
0 0.247656 0.773284 0.045312 0.120098
0 0.356250 0.855392 0.090625 0.142157
0 0.470313 0.618873 0.018750 0.071078
0 0.504687 0.623775 0.018750 0.085784
0 0.375781 0.727941 0.017188 0.049020
0 0.515625 0.656863 0.025000 0.098039
0 0.486719 0.528186 0.007812 0.036765
0 0.490625 0.618873 0.012500 0.090686
0 0.491406 0.589461 0.098437 0.144608
