4 0.198529 0.547656 0.380252 0.192188
0 0.327731 0.661719 0.092437 0.204687
0 0.370798 0.660156 0.023109 0.201563
0 0.883403 0.610938 0.052521 0.093750
0 0.862395 0.609375 0.027311 0.081250
0 0.831933 0.603125 0.042017 0.081250
0 0.795168 0.610938 0.027311 0.084375
0 0.907563 0.605469 0.025210 0.082812
0 0.960084 0.599219 0.021008 0.082812
0 0.990546 0.607812 0.018908 0.081250
0 0.845588 0.575781 0.014706 0.017188
0 0.981092 0.600781 0.029412 0.076563
4 0.909664 0.532031 0.180672 0.082812
4 0.785714 0.555469 0.084034 0.139063
0 0.809874 0.582812 0.018908 0.034375
0 0.946429 0.622656 0.060924 0.120313
0 0.237395 0.515625 0.218487 0.056250
