0 0.319531 0.445833 0.282813 0.300000
0 0.219531 0.173958 0.032813 0.068750
0 0.518750 0.161458 0.028125 0.077083
0 0.567187 0.165625 0.025000 0.064583
0 0.060156 0.159375 0.026562 0.106250
0 0.763281 0.168750 0.014063 0.050000
0 0.845313 0.161458 0.009375 0.047917
0 0.381250 0.163542 0.021875 0.072917
0 0.328125 0.161458 0.028125 0.085417
0 0.652344 0.151042 0.010937 0.064583
0 0.678906 0.156250 0.010937 0.054167
0 0.710156 0.147917 0.014063 0.041667
0 0.120313 0.167708 0.018750 0.077083
0 0.466406 0.142708 0.795312 0.114583
