2 0.946875 0.512500 0.012500 0.012500
4 0.798438 0.515625 0.046875 0.027083
5 0.798438 0.514583 0.046875 0.029167
0 0.610938 0.677083 0.078125 0.425000
0 0.394531 0.548958 0.017188 0.043750
0 0.197656 0.564583 0.023438 0.079167
0 0.901563 0.520833 0.015625 0.033333
0 0.253906 0.548958 0.014063 0.043750
0 0.772656 0.540625 0.014063 0.052083
0 0.415625 0.545833 0.012500 0.050000
0 0.063281 0.580208 0.014063 0.047917
0 0.114062 0.566667 0.031250 0.062500
0 0.261719 0.547917 0.010937 0.041667
0 0.705469 0.521875 0.004687 0.014583
0 0.688281 0.520833 0.004687 0.012500
0 0.522656 0.538542 0.932813 0.072917
