2 0.885965 0.725000 0.224172 0.518750
2 0.608187 0.239844 0.089669 0.045312
2 0.271930 0.250781 0.029240 0.054688
3 0.610136 0.261719 0.042885 0.051562
0 0.730994 0.287500 0.042885 0.093750
0 0.615010 0.235937 0.037037 0.018750
0 0.695906 0.223438 0.031189 0.040625
5 0.888889 0.267969 0.210526 0.204687
2 0.723197 0.228125 0.031189 0.031250
5 0.767057 0.261719 0.095517 0.151562
5 0.147173 0.261719 0.228070 0.126562
3 0.695906 0.232813 0.027290 0.031250
2 0.547758 0.253125 0.031189 0.053125
2 0.661793 0.227344 0.044834 0.032813
