4 0.638281 0.217799 0.723437 0.435597
0 0.054688 0.708431 0.109375 0.583138
0 0.160938 0.332553 0.078125 0.262295
0 0.232813 0.338407 0.109375 0.288056
0 0.334375 0.296253 0.059375 0.283372
0 0.472656 0.285714 0.067187 0.262295
0 0.405469 0.303279 0.076563 0.269321
0 0.210938 0.950820 0.231250 0.098361
0 0.117969 0.337237 0.054688 0.234192
0 0.485938 0.194379 0.037500 0.084309
0 0.100781 0.309133 0.039062 0.238876
0 0.216406 0.192037 0.010937 0.023419
0 0.435937 0.288056 0.046875 0.224824
0 0.277344 0.312646 0.076563 0.264637
0 0.692969 0.110070 0.070312 0.028103
