0 0.545312 0.446009 0.081250 0.244131
0 0.858594 0.481221 0.110937 0.262911
0 0.176563 0.509390 0.012500 0.046948
0 0.140625 0.482394 0.015625 0.030516
0 0.077344 0.512911 0.051562 0.115023
0 0.648438 0.509390 0.009375 0.028169
0 0.707812 0.453052 0.012500 0.028169
0 0.400000 0.469484 0.068750 0.206573
0 0.254688 0.573944 0.043750 0.176056
0 0.235156 0.435446 0.020313 0.058685
0 0.978906 0.745305 0.042188 0.077465
0 0.327344 0.435446 0.010937 0.063380
0 0.946094 0.923709 0.104688 0.147887
0 0.499219 0.551643 0.998437 0.305164
