2 0.760938 0.144792 0.378125 0.218750
2 0.896094 0.252083 0.207813 0.370833
2 0.354687 0.090625 0.031250 0.027083
0 0.190625 0.179167 0.118750 0.358333
0 0.417969 0.084375 0.076563 0.168750
0 0.554688 0.066667 0.018750 0.087500
0 0.529687 0.069792 0.018750 0.089583
0 0.625000 0.055208 0.025000 0.056250
0 0.784375 0.061458 0.028125 0.081250
0 0.646094 0.058333 0.020313 0.062500
0 0.684375 0.043750 0.015625 0.050000
0 0.010156 0.079167 0.020313 0.125000
0 0.669531 0.055208 0.014063 0.052083
0 0.921094 0.051042 0.020313 0.047917
0 0.761719 0.028125 0.014063 0.027083
0 0.378906 0.081250 0.042188 0.162500
4 0.064844 0.058333 0.126562 0.095833
0 0.535156 0.073958 0.854688 0.114583
