3 0.354687 0.666276 0.271875 0.466042
3 0.682031 0.444965 0.126562 0.229508
3 0.508594 0.334895 0.020313 0.088993
3 0.492188 0.415691 0.037500 0.161593
3 0.525781 0.316159 0.017188 0.065574
3 0.609375 0.352459 0.040625 0.081967
0 0.385937 0.334895 0.218750 0.468384
0 0.460938 0.282201 0.087500 0.189696
0 0.488281 0.247073 0.045312 0.091335
0 0.512500 0.243560 0.028125 0.060890
0 0.592969 0.293911 0.051562 0.161593
0 0.792188 0.285714 0.021875 0.084309
0 0.657031 0.354801 0.145313 0.320843
0 0.822656 0.284543 0.020313 0.086651
0 0.531250 0.244731 0.025000 0.053864
5 0.801562 0.271663 0.090625 0.060890
0 0.618750 0.282201 0.068750 0.147541
0 0.987500 0.314988 0.021875 0.152225
3 0.537500 0.298595 0.018750 0.077283
3 0.520312 0.268150 0.015625 0.021077
3 0.589844 0.288056 0.014063 0.051522
3 0.575000 0.283372 0.012500 0.046838
3 0.584375 0.255269 0.018750 0.018735
3 0.590625 0.314988 0.021875 0.081967
0 0.192188 0.269321 0.009375 0.037471
0 0.755469 0.274005 0.017188 0.065574
3 0.347656 0.686183 0.279687 0.468384
