2 0.796000 0.269578 0.076000 0.075301
2 0.629000 0.281627 0.030000 0.051205
2 0.728000 0.278614 0.064000 0.057229
2 0.878000 0.274096 0.060000 0.060241
2 0.937000 0.271084 0.070000 0.054217
2 0.982000 0.269578 0.036000 0.057229
0 0.412000 0.426205 0.116000 0.292169
0 0.115000 0.396084 0.066000 0.268072
0 0.672000 0.393072 0.100000 0.292169
0 0.035000 0.536145 0.070000 0.518072
2 0.246000 0.284639 0.052000 0.027108
2 0.009000 0.307229 0.018000 0.030120
2 0.836000 0.274096 0.024000 0.054217
2 0.756000 0.277108 0.020000 0.048193
2 0.943000 0.243976 0.038000 0.018072
