2 0.485156 0.591904 0.179688 0.094092
2 0.228125 0.530635 0.103125 0.063457
2 0.035937 0.506565 0.071875 0.072210
0 0.664844 0.594092 0.032813 0.146608
0 0.171094 0.694748 0.092188 0.304158
0 0.306250 0.702407 0.100000 0.288840
0 0.703906 0.597374 0.039062 0.135667
0 0.728906 0.598468 0.023438 0.115974
0 0.759375 0.598468 0.031250 0.120350
0 0.912500 0.606127 0.025000 0.105033
0 0.629687 0.595186 0.034375 0.126915
0 0.765625 0.580963 0.025000 0.107221
0 0.400781 0.538293 0.020313 0.039387
0 0.044531 0.335886 0.017188 0.067834
0 0.234375 0.327133 0.015625 0.059081
2 0.461719 0.565646 0.170313 0.089716
2 0.339062 0.555799 0.078125 0.048140
0 0.618750 0.636761 0.040625 0.056893
2 0.370312 0.585339 0.028125 0.041575
0 0.516406 0.533917 0.848437 0.258206
