1 0.863281 0.846698 0.270313 0.259434
1 0.863281 0.817217 0.264062 0.252358
1 0.890625 0.593160 0.159375 0.106132
0 0.457031 0.603774 0.139063 0.504717
0 0.317188 0.646226 0.153125 0.679245
1 0.885938 0.500000 0.150000 0.174528
1 0.832812 0.521226 0.090625 0.150943
1 0.950000 0.570755 0.084375 0.084906
1 0.903125 0.483491 0.153125 0.136792
0 0.575000 0.378538 0.050000 0.167453
0 0.838281 0.386792 0.051562 0.188679
0 0.537500 0.408019 0.056250 0.278302
0 0.092969 0.627358 0.182812 0.745283
0 0.811719 0.341981 0.017188 0.084906
0 0.646875 0.349057 0.040625 0.132075
1 0.907031 0.527123 0.135937 0.101415
1 0.866406 0.580189 0.085938 0.075472
0 0.792188 0.333726 0.028125 0.077830
2 0.925000 0.336085 0.021875 0.040094
0 0.685156 0.454009 0.092188 0.360849
1 0.863281 0.705189 0.273438 0.250000
