2 0.459375 0.510223 0.143750 0.172862
3 0.271094 0.823420 0.114062 0.319703
3 0.343750 0.589219 0.087500 0.130112
2 0.528125 0.431227 0.062500 0.066914
2 0.421094 0.433086 0.079687 0.085502
5 0.808594 0.516729 0.217188 0.286245
5 0.153125 0.399628 0.156250 0.197026
5 0.488281 0.403346 0.064062 0.059480
0 0.342969 0.484201 0.085938 0.109665
0 0.267969 0.676580 0.164062 0.397770
0 0.320312 0.473978 0.037500 0.081784
0 0.286719 0.438662 0.057813 0.070632
0 0.328906 0.414498 0.029687 0.040892
0 0.248438 0.414498 0.018750 0.055762
2 0.662500 0.477695 0.150000 0.130112
2 0.592969 0.418216 0.051562 0.044610
2 0.372656 0.413569 0.039062 0.046468
2 0.702344 0.417286 0.073438 0.039033
2 0.624219 0.432156 0.079687 0.057621
4 0.371094 0.384758 0.048438 0.063197
0 0.381250 0.370818 0.006250 0.009294
0 0.320312 0.407993 0.015625 0.031599
0 0.809375 0.428439 0.025000 0.035316
0 0.642969 0.435874 0.014063 0.013011
0 0.428125 0.466543 0.021875 0.026022
0 0.307031 0.425651 0.020313 0.052045
2 0.428906 0.387546 0.020313 0.009294
3 0.287500 0.479554 0.046875 0.029740
0 0.698438 0.444238 0.031250 0.026022
