0 0.803000 0.700000 0.066000 0.301333
0 0.330000 0.720000 0.100000 0.373333
1 0.140000 0.677333 0.072000 0.117333
1 0.506000 0.789333 0.356000 0.256000
0 0.248000 0.684000 0.068000 0.264000
0 0.093000 0.634667 0.038000 0.154667
0 0.061000 0.652000 0.042000 0.194667
0 0.912000 0.620000 0.028000 0.066667
0 0.608000 0.636000 0.024000 0.072000
0 0.443000 0.648000 0.090000 0.170667
0 0.518000 0.590667 0.016000 0.045333
0 0.501000 0.589333 0.018000 0.048000
0 0.870000 0.712000 0.080000 0.325333
0 0.765000 0.734667 0.046000 0.205333
0 0.881000 0.605333 0.018000 0.042667
