0 0.708594 0.707260 0.014063 0.070258
0 0.721875 0.701405 0.012500 0.039813
0 0.189062 0.703747 0.018750 0.072600
2 0.752344 0.892272 0.470313 0.192037
2 0.505469 0.874707 0.217188 0.241218
2 0.489063 0.718970 0.093750 0.074941
2 0.584375 0.717799 0.090625 0.072600
2 0.446094 0.688525 0.045312 0.046838
2 0.407031 0.703747 0.057813 0.053864
2 0.326562 0.666276 0.009375 0.039813
2 0.304688 0.743560 0.090625 0.091335
2 0.279687 0.711944 0.046875 0.070258
2 0.381250 0.677986 0.040625 0.044496
2 0.266406 0.655738 0.026562 0.028103
2 0.292187 0.666276 0.021875 0.016393
0 0.151562 0.731850 0.031250 0.096019
