4 0.303906 0.592941 0.389062 0.687059
4 0.058594 0.549412 0.117188 0.204706
4 0.833594 0.617647 0.329688 0.298824
0 0.014844 0.622353 0.026562 0.129412
2 0.688281 0.711765 0.285938 0.364706
2 0.522656 0.711765 0.067187 0.284706
2 0.522656 0.592941 0.076563 0.094118
0 0.416406 0.550588 0.054688 0.122353
0 0.526563 0.521176 0.018750 0.049412
0 0.568750 0.537647 0.009375 0.021176
0 0.538281 0.517647 0.014063 0.056471
0 0.505469 0.522353 0.014063 0.037647
0 0.517188 0.517647 0.009375 0.051765
5 0.695312 0.715294 0.306250 0.376471
0 0.543750 0.529412 0.015625 0.037647
