2 0.207031 0.565625 0.032813 0.027083
2 0.120313 0.571875 0.040625 0.035417
2 0.082812 0.564583 0.018750 0.020833
4 0.484375 0.464583 0.346875 0.412500
0 0.509375 0.514583 0.037500 0.054167
0 0.040625 0.567708 0.018750 0.047917
0 0.298438 0.559375 0.009375 0.031250
0 0.281250 0.557292 0.009375 0.031250
0 0.024219 0.573958 0.007812 0.052083
2 0.155469 0.561458 0.014063 0.018750
0 0.259375 0.559375 0.009375 0.022917
0 0.267188 0.554167 0.009375 0.029167
0 0.581250 0.359375 0.028125 0.035417
0 0.292187 0.560417 0.006250 0.025000
