0 0.511719 0.312646 0.029687 0.086651
0 0.492969 0.275176 0.017188 0.058548
0 0.601562 0.277518 0.021875 0.053864
0 0.382812 0.274005 0.015625 0.051522
0 0.227344 0.468384 0.014063 0.093677
0 0.728906 0.142857 0.010937 0.028103
0 0.310937 0.262295 0.015625 0.074941
0 0.757812 0.435597 0.012500 0.079625
0 0.417969 0.088993 0.014063 0.032787
0 0.504687 0.519906 0.040625 0.126464
0 0.792188 0.368852 0.018750 0.058548
0 0.979688 0.474239 0.021875 0.044496
0 0.890625 0.306792 0.012500 0.046838
0 0.462500 0.091335 0.012500 0.032787
0 0.500000 0.498829 0.996875 0.997658
