0 0.387500 0.505869 0.215625 0.870892
0 0.621094 0.307512 0.048438 0.197183
0 0.567187 0.307512 0.028125 0.159624
0 0.153906 0.327465 0.035937 0.133803
2 0.134375 0.323944 0.040625 0.107981
0 0.668750 0.267606 0.025000 0.126761
0 0.639062 0.325117 0.021875 0.110329
0 0.062500 0.336854 0.059375 0.171362
0 0.186719 0.345070 0.073438 0.164319
2 0.263281 0.285211 0.045312 0.063380
5 0.815625 0.259390 0.368750 0.518779
5 0.020313 0.302817 0.040625 0.154930
0 0.473438 0.319249 0.034375 0.159624
0 0.224219 0.342723 0.070312 0.178404
0 0.112500 0.345070 0.056250 0.178404
0 0.489844 0.287559 0.023438 0.096244
