4 0.108594 0.461458 0.064062 0.060417
5 0.575781 0.498958 0.729688 0.497917
0 0.207031 0.519792 0.023438 0.089583
0 0.160938 0.522917 0.034375 0.095833
0 0.141406 0.519792 0.023438 0.085417
0 0.124219 0.525000 0.020313 0.087500
0 0.014063 0.514583 0.028125 0.095833
0 0.035937 0.513542 0.021875 0.093750
0 0.956250 0.619792 0.087500 0.306250
0 0.344531 0.423958 0.026562 0.043750
0 0.174219 0.520833 0.020313 0.095833
0 0.043750 0.516667 0.031250 0.075000
0 0.100000 0.528125 0.037500 0.097917
4 0.192188 0.476042 0.103125 0.072917
4 0.202344 0.428125 0.082812 0.027083
0 0.084375 0.518750 0.034375 0.091667
