1 0.096094 0.316705 0.157812 0.192575
0 0.475000 0.323666 0.100000 0.266821
0 0.592187 0.110209 0.050000 0.215777
0 0.696094 0.048724 0.029687 0.088167
0 0.789844 0.084687 0.029687 0.136891
0 0.550781 0.141531 0.045312 0.139211
0 0.852344 0.232019 0.032813 0.213457
0 0.511719 0.111369 0.032813 0.074246
0 0.035937 0.170534 0.056250 0.174014
0 0.904687 0.150812 0.046875 0.092807
0 0.746875 0.116009 0.046875 0.204176
0 0.764062 0.237819 0.084375 0.136891
1 0.038281 0.742459 0.073438 0.241299
1 0.905469 0.458237 0.067187 0.127610
3 0.301563 0.770302 0.584375 0.459397
3 0.368750 0.823666 0.115625 0.329466
3 0.113281 0.411833 0.226562 0.303944
3 0.179688 0.265661 0.084375 0.164733
3 0.237500 0.784223 0.231250 0.361949
0 0.899219 0.379350 0.082812 0.452436
0 0.703906 0.155452 0.048438 0.167053
