2 0.825781 0.763285 0.348438 0.231884
2 0.250000 0.637681 0.071875 0.086957
2 0.314844 0.632850 0.085938 0.072464
0 0.207031 0.757246 0.089063 0.330918
0 0.323437 0.817633 0.075000 0.239130
0 0.700000 0.644928 0.037500 0.135266
0 0.667188 0.626812 0.037500 0.123188
0 0.148438 0.842995 0.050000 0.173913
2 0.528125 0.634058 0.150000 0.065217
2 0.385937 0.663043 0.271875 0.108696
2 0.100781 0.698068 0.201563 0.212560
2 0.453125 0.795894 0.462500 0.306763
2 0.859375 0.836957 0.281250 0.326087
2 0.044531 0.614734 0.032813 0.041063
2 0.038281 0.601449 0.045312 0.038647
0 0.711719 0.626812 0.020313 0.113527
2 0.811719 0.672705 0.360938 0.108696
6 0.492969 0.524155 0.807813 0.120773
