3 0.567916 0.299219 0.077283 0.039062
3 0.539813 0.642188 0.269321 0.225000
3 0.388759 0.336719 0.079625 0.039062
0 0.891101 0.478906 0.077283 0.064062
0 0.830211 0.443750 0.053864 0.112500
0 0.861827 0.441406 0.032787 0.092188
0 0.803279 0.310937 0.042155 0.040625
0 0.551522 0.557813 0.259953 0.218750
0 0.962529 0.386719 0.051522 0.054688
0 0.831382 0.326562 0.032787 0.031250
0 0.567916 0.276562 0.044496 0.031250
0 0.155738 0.367969 0.016393 0.032813
0 0.980094 0.405469 0.035129 0.082812
3 0.786885 0.324219 0.079625 0.048438
0 0.989461 0.417187 0.021077 0.081250
0 0.955504 0.389062 0.023419 0.056250
0 0.382904 0.317969 0.035129 0.039062
