1 0.442188 0.836039 0.390625 0.321429
1 0.176563 0.775974 0.178125 0.425325
0 0.169531 0.591721 0.270313 0.784091
0 0.781250 0.228896 0.118750 0.224026
0 0.657813 0.182630 0.115625 0.154221
0 0.246875 0.185065 0.093750 0.090909
0 0.128906 0.228084 0.139063 0.160714
0 0.312500 0.254058 0.084375 0.112013
0 0.328125 0.192370 0.103125 0.092532
0 0.498437 0.088474 0.090625 0.069805
1 0.761719 0.695617 0.023438 0.043831
0 0.426563 0.615260 0.575000 0.762987
0 0.570312 0.192370 0.143750 0.170455
1 0.230469 0.707792 0.032813 0.142857
0 0.418750 0.355519 0.281250 0.500000
0 0.742969 0.410714 0.173437 0.506494
1 0.745313 0.650162 0.128125 0.433442
