2 0.596094 0.620042 0.073438 0.041754
2 0.662500 0.614823 0.050000 0.043841
2 0.837500 0.608559 0.059375 0.039666
3 0.771094 0.676409 0.039062 0.070981
3 0.750000 0.656576 0.018750 0.048017
3 0.869531 0.742171 0.089063 0.223382
3 0.242969 0.817328 0.210938 0.194154
3 0.335938 0.704593 0.100000 0.089770
3 0.155469 0.670146 0.079687 0.058455
3 0.658594 0.633612 0.042188 0.022965
3 0.576562 0.633612 0.040625 0.031315
3 0.924219 0.654489 0.045312 0.048017
0 0.885156 0.689979 0.089063 0.198330
0 0.262500 0.723382 0.143750 0.277662
0 0.382031 0.640919 0.023438 0.091858
0 0.349219 0.653445 0.035937 0.104384
0 0.756250 0.607516 0.018750 0.054280
3 0.022656 0.670146 0.014063 0.045929
0 0.159375 0.639875 0.028125 0.048017
0 0.101562 0.670146 0.021875 0.066806
0 0.942187 0.615866 0.021875 0.091858
0 0.024219 0.633612 0.020313 0.039666
0 0.658594 0.616910 0.020313 0.048017
0 0.917969 0.613779 0.042188 0.062630
0 0.965625 0.600209 0.018750 0.043841
3 0.966406 0.617954 0.020313 0.029228
3 0.542969 0.631524 0.035937 0.031315
0 0.339844 0.659708 0.064062 0.112735
3 0.511719 0.627349 0.014063 0.031315
0 0.516406 0.637787 0.957812 0.123173
3 0.499219 0.643006 0.998437 0.091858
