2 0.146094 0.181499 0.114062 0.096019
2 0.677344 0.144028 0.242188 0.161593
2 0.664062 0.312646 0.259375 0.306792
2 0.488281 0.188525 0.070312 0.147541
0 0.602344 0.442623 0.154688 0.271663
0 0.379688 0.388759 0.196875 0.510539
0 0.147656 0.640515 0.164062 0.634660
0 0.657813 0.797424 0.306250 0.372365
0 0.102344 0.396956 0.164062 0.269321
0 0.829688 0.491803 0.296875 0.903981
0 0.909375 0.892272 0.178125 0.215457
0 0.538281 0.228337 0.057813 0.395785
0 0.112500 0.728337 0.225000 0.543326
0 0.771875 0.526932 0.100000 0.337237
0 0.275000 0.574941 0.250000 0.222482
5 0.296875 0.167447 0.203125 0.222482
0 0.957812 0.772834 0.084375 0.192037
