4 0.674219 0.593750 0.076563 0.137500
6 0.535937 0.352083 0.043750 0.041667
5 0.675781 0.592708 0.089063 0.135417
5 0.713281 0.433333 0.107813 0.037500
0 0.184375 0.550000 0.018750 0.070833
0 0.323437 0.490625 0.015625 0.056250
0 0.305469 0.490625 0.010937 0.047917
0 0.282031 0.497917 0.007812 0.045833
0 0.248438 0.504167 0.012500 0.058333
0 0.171875 0.530208 0.012500 0.056250
0 0.710938 0.500000 0.018750 0.045833
0 0.119531 0.536458 0.007812 0.035417
0 0.053125 0.584375 0.012500 0.047917
0 0.287500 0.489583 0.006250 0.050000
0 0.264062 0.480208 0.009375 0.047917
0 0.749219 0.596875 0.014063 0.072917
2 0.654687 0.373958 0.018750 0.031250
0 0.321875 0.441667 0.006250 0.012500
0 0.441406 0.446875 0.445312 0.318750
