1 0.449219 0.665493 0.245312 0.368545
0 0.964844 0.477700 0.070312 0.241784
0 0.925781 0.428404 0.029687 0.096244
1 0.786719 0.505869 0.114062 0.138498
1 0.829688 0.496479 0.062500 0.086854
1 0.302344 0.698357 0.226562 0.495305
1 0.593750 0.516432 0.134375 0.150235
1 0.182031 0.746479 0.332813 0.450704
1 0.701562 0.517606 0.125000 0.161972
2 0.509375 0.407277 0.056250 0.044601
1 0.418750 0.590376 0.100000 0.171362
1 0.596094 0.640845 0.295312 0.375587
1 0.664062 0.549296 0.134375 0.183099
1 0.232813 0.691315 0.240625 0.392019
1 0.489844 0.538732 0.154688 0.152582
2 0.742969 0.399061 0.023438 0.018779
5 0.814844 0.396714 0.067187 0.117371
1 0.587500 0.597418 0.296875 0.166667
