2 0.402667 0.723000 0.170667 0.070000
5 0.056000 0.705000 0.085333 0.022000
2 0.182667 0.829000 0.290667 0.210000
2 0.925333 0.789000 0.144000 0.106000
2 0.136000 0.902000 0.272000 0.196000
2 0.840000 0.756000 0.069333 0.016000
2 0.889333 0.710000 0.178667 0.040000
2 0.518667 0.726000 0.125333 0.044000
2 0.760000 0.722000 0.106667 0.040000
2 0.346667 0.812000 0.090667 0.124000
2 0.272000 0.723000 0.208000 0.062000
2 0.600000 0.721000 0.117333 0.054000
2 0.694667 0.722000 0.104000 0.044000
2 0.877333 0.770000 0.240000 0.104000
2 0.498667 0.816000 0.997333 0.288000
