3 0.071875 0.847418 0.143750 0.305164
3 0.787500 0.670188 0.068750 0.133803
3 0.916406 0.602113 0.126562 0.133803
0 0.782031 0.541080 0.101562 0.251174
0 0.729688 0.522300 0.050000 0.176056
0 0.910937 0.538732 0.056250 0.171362
0 0.103125 0.503521 0.040625 0.171362
0 0.364063 0.478873 0.025000 0.037559
3 0.739062 0.584507 0.034375 0.117371
3 0.096875 0.543427 0.018750 0.030516
3 0.514062 0.813380 0.084375 0.204225
0 0.061719 0.596244 0.120313 0.441315
0 0.085156 0.487089 0.051562 0.129108
0 0.752344 0.521127 0.057813 0.201878
