1 0.441406 0.371875 0.420312 0.322917
1 0.214844 0.228125 0.310937 0.352083
2 0.836719 0.090625 0.326562 0.177083
3 0.500781 0.477083 0.726562 0.787500
0 0.335938 0.081250 0.078125 0.162500
1 0.055469 0.201042 0.107813 0.189583
1 0.152344 0.071875 0.117188 0.093750
1 0.055469 0.018750 0.029687 0.037500
1 0.887500 0.752083 0.218750 0.462500
1 0.157031 0.189583 0.239063 0.291667
1 0.305469 0.263542 0.345313 0.397917
1 0.115625 0.237500 0.118750 0.141667
1 0.116406 0.139583 0.104688 0.087500
1 0.115625 0.112500 0.109375 0.062500
1 0.340625 0.297917 0.331250 0.312500
1 0.506250 0.506250 0.721875 0.854167
