1 0.092969 0.898536 0.092188 0.194561
3 0.050000 0.609833 0.100000 0.102510
1 0.409375 0.882845 0.046875 0.125523
5 0.247656 0.612971 0.367188 0.309623
1 0.524219 0.500000 0.048438 0.058577
2 0.726562 0.539749 0.093750 0.112971
2 0.884375 0.311715 0.025000 0.029289
3 0.701562 0.389121 0.015625 0.041841
3 0.772656 0.341004 0.014063 0.020921
0 0.398438 0.703975 0.050000 0.098326
0 0.454688 0.710251 0.046875 0.131799
0 0.476562 0.690377 0.040625 0.150628
0 0.450000 0.622385 0.028125 0.089958
0 0.471094 0.583682 0.023438 0.058577
0 0.090625 0.847280 0.103125 0.263598
0 0.190625 0.747908 0.065625 0.148536
0 0.430469 0.492678 0.029687 0.106695
0 0.450781 0.500000 0.029687 0.100418
0 0.803906 0.330544 0.007812 0.012552
0 0.521875 0.463389 0.037500 0.069038
0 0.570312 0.552301 0.050000 0.121339
1 0.572656 0.766736 0.045312 0.048117
2 0.803906 0.297071 0.039062 0.037657
2 0.768750 0.309623 0.025000 0.041841
2 0.842969 0.276151 0.014063 0.012552
2 0.889062 0.293933 0.021875 0.010460
2 0.900781 0.288703 0.017188 0.020921
3 0.442969 0.768828 0.039062 0.135983
5 0.594531 0.344142 0.035937 0.056485
2 0.567187 0.380753 0.046875 0.058577
5 0.655469 0.407950 0.085938 0.083682
0 0.453906 0.450837 0.026562 0.052301
0 0.564063 0.615063 0.368750 0.468619
