3 0.429688 0.655738 0.365625 0.641686
3 0.125000 0.533958 0.246875 0.252927
3 0.948438 0.451991 0.093750 0.159251
3 0.754687 0.462529 0.068750 0.166276
3 0.815625 0.440281 0.037500 0.088993
0 0.113281 0.450820 0.151562 0.620609
0 0.566406 0.538642 0.182812 0.627635
0 0.411719 0.377049 0.120313 0.299766
0 0.656250 0.387588 0.146875 0.714286
0 0.760156 0.439110 0.070312 0.189696
0 0.780469 0.386417 0.026562 0.079625
0 0.819531 0.392272 0.029687 0.044496
0 0.822656 0.381733 0.017188 0.028103
0 0.880469 0.415691 0.039062 0.105386
0 0.985156 0.345433 0.029687 0.058548
0 0.796875 0.432084 0.025000 0.152225
0 0.947656 0.421546 0.076563 0.196721
3 0.840625 0.446136 0.015625 0.063232
3 0.916406 0.428571 0.032813 0.051522
3 0.989062 0.447307 0.021875 0.140515
3 0.778125 0.422717 0.046875 0.133489
