0 0.312500 0.372365 0.068750 0.126464
0 0.216406 0.578454 0.089063 0.177986
0 0.203125 0.824356 0.184375 0.351288
0 0.103125 0.804450 0.206250 0.367681
0 0.105469 0.528103 0.160938 0.386417
0 0.460156 0.394614 0.060937 0.156909
0 0.685937 0.380562 0.115625 0.241218
0 0.941406 0.508197 0.117188 0.210773
0 0.250000 0.350117 0.050000 0.124122
0 0.495312 0.372365 0.056250 0.140515
0 0.214062 0.362998 0.065625 0.117096
0 0.834375 0.508197 0.084375 0.187354
0 0.644531 0.429742 0.042188 0.091335
0 0.398438 0.572600 0.796875 0.555035
