4 0.521094 0.537500 0.545312 0.404167
0 0.927344 0.595833 0.057813 0.220833
0 0.028906 0.503125 0.010937 0.043750
0 0.217188 0.526042 0.018750 0.085417
0 0.435156 0.478125 0.051562 0.043750
0 0.564844 0.496875 0.029687 0.097917
0 0.200000 0.527083 0.018750 0.070833
0 0.243750 0.521875 0.015625 0.102083
0 0.096094 0.492708 0.017188 0.027083
0 0.275000 0.469792 0.015625 0.043750
0 0.036719 0.504167 0.010937 0.045833
0 0.350781 0.472917 0.026562 0.037500
0 0.003125 0.507292 0.006250 0.064583
0 0.231250 0.523958 0.015625 0.081250
0 0.331250 0.510417 0.656250 0.079167
