2 0.087500 0.737374 0.175000 0.151515
2 0.838281 0.750000 0.064062 0.131313
2 0.929688 0.746212 0.137500 0.113636
4 0.539062 0.609848 0.578125 0.532828
0 0.548438 0.645202 0.031250 0.058081
0 0.599219 0.642677 0.042188 0.073232
0 0.635938 0.648990 0.040625 0.065657
0 0.779687 0.707071 0.034375 0.196970
0 0.760938 0.454545 0.037500 0.065657
0 0.655469 0.446970 0.035937 0.065657
0 0.417187 0.422980 0.053125 0.078283
0 0.346875 0.598485 0.037500 0.075758
0 0.618750 0.430556 0.031250 0.042929
0 0.517969 0.640152 0.042188 0.073232
0 0.395313 0.420455 0.050000 0.078283
