0 0.576562 0.695093 0.012500 0.049065
0 0.567969 0.685748 0.010937 0.021028
0 0.755469 0.817757 0.007812 0.018692
0 0.621875 0.691589 0.009375 0.046729
4 0.944531 0.522196 0.032813 0.016355
0 0.557031 0.693925 0.014063 0.037383
0 0.519531 0.697430 0.010937 0.044393
0 0.535937 0.696262 0.021875 0.037383
0 0.796875 0.739486 0.012500 0.025701
0 0.603906 0.679907 0.007812 0.009346
4 0.883594 0.522196 0.042188 0.021028
4 0.835938 0.523364 0.034375 0.014019
0 0.678906 0.695093 0.014063 0.035047
0 0.754687 0.675234 0.009375 0.018692
