2 0.599576 0.767969 0.114407 0.060937
2 0.119703 0.745313 0.069915 0.031250
0 0.366525 0.681250 0.050847 0.059375
0 0.770127 0.753906 0.027542 0.073438
0 0.847458 0.750781 0.038136 0.067187
0 0.922669 0.751563 0.027542 0.059375
5 0.033898 0.727344 0.067797 0.073438
0 0.744703 0.756250 0.023305 0.071875
2 0.181144 0.740625 0.052966 0.034375
2 0.077331 0.736719 0.027542 0.035937
0 0.209746 0.759375 0.046610 0.068750
0 0.119703 0.719531 0.014831 0.014063
0 0.097458 0.728125 0.012712 0.025000
4 0.032839 0.728125 0.065678 0.075000
