1 0.929688 0.451765 0.137500 0.263529
1 0.869531 0.364706 0.220312 0.287059
1 0.661719 0.362353 0.064062 0.089412
1 0.734375 0.374118 0.065625 0.108235
0 0.525781 0.300000 0.335938 0.600000
0 0.096875 0.388235 0.193750 0.705882
0 0.357812 0.325882 0.053125 0.345882
0 0.296875 0.324706 0.078125 0.352941
0 0.242188 0.316471 0.087500 0.397647
0 0.156250 0.290588 0.050000 0.171765
0 0.667969 0.264706 0.029687 0.054118
0 0.200000 0.295294 0.015625 0.077647
0 0.187500 0.296471 0.012500 0.065882
0 0.449219 0.314118 0.029687 0.120000
0 0.403906 0.327059 0.045312 0.310588
1 0.689844 0.369412 0.032813 0.080000
1 0.736719 0.342353 0.107813 0.152941
0 0.650781 0.260000 0.020313 0.044706
0 0.270313 0.322353 0.037500 0.291765
