0 0.346094 0.867681 0.057813 0.264637
0 0.146875 0.509368 0.037500 0.142857
0 0.192969 0.928571 0.054688 0.138173
0 0.196094 0.831382 0.057813 0.159251
0 0.289844 0.859485 0.079687 0.121780
0 0.594531 0.224824 0.014063 0.028103
0 0.209375 0.508197 0.028125 0.126464
0 0.682813 0.228337 0.012500 0.039813
1 0.829688 0.770492 0.050000 0.084309
5 0.837500 0.240047 0.046875 0.063232
0 0.122656 0.488290 0.026562 0.124122
0 0.450781 0.799766 0.064062 0.217799
1 0.857031 0.802108 0.023438 0.086651
1 0.842187 0.906323 0.065625 0.037471
1 0.929688 0.840749 0.028125 0.028103
4 0.923438 0.510539 0.153125 0.482436
0 0.188281 0.687354 0.051562 0.105386
0 0.350781 0.504684 0.035937 0.091335
0 0.305469 0.656909 0.017188 0.119438
0 0.521875 0.599532 0.868750 0.796253
