2 0.670312 0.370833 0.078125 0.050000
0 0.466406 0.508333 0.185938 0.516667
0 0.659375 0.369792 0.018750 0.089583
0 0.317188 0.470833 0.128125 0.337500
0 0.721094 0.387500 0.023438 0.100000
0 0.575781 0.365625 0.023438 0.081250
0 0.607812 0.365625 0.018750 0.077083
0 0.593750 0.365625 0.018750 0.077083
0 0.689063 0.379167 0.028125 0.100000
0 0.555469 0.360417 0.010937 0.054167
4 0.789844 0.346875 0.207813 0.131250
5 0.969531 0.402083 0.060937 0.104167
0 0.766406 0.360417 0.004687 0.016667
0 0.625000 0.362500 0.006250 0.025000
