6 0.200781 0.749123 0.401562 0.501754
6 0.390625 0.356140 0.075000 0.171930
6 0.533594 0.192982 0.029687 0.091228
6 0.503125 0.185965 0.081250 0.105263
0 0.267969 0.510526 0.010937 0.052632
6 0.696875 0.166667 0.009375 0.031579
6 0.592187 0.164912 0.025000 0.056140
6 0.612500 0.161404 0.031250 0.056140
5 0.448437 0.084211 0.112500 0.035088
6 0.512500 0.208772 0.025000 0.066667
6 0.574219 0.159649 0.010937 0.052632
5 0.856250 0.254386 0.028125 0.066667
5 0.898438 0.180702 0.031250 0.031579
6 0.625781 0.159649 0.023438 0.052632
