5 0.586000 0.656000 0.564000 0.400000
0 0.648000 0.406667 0.072000 0.109333
0 0.557000 0.416000 0.054000 0.117333
0 0.525000 0.428000 0.038000 0.093333
0 0.747000 0.398667 0.078000 0.109333
0 0.089000 0.646667 0.034000 0.125333
0 0.053000 0.640000 0.042000 0.122667
0 0.981000 0.686667 0.034000 0.221333
0 0.937000 0.640000 0.062000 0.341333
0 0.675000 0.552000 0.062000 0.090667
0 0.644000 0.556000 0.040000 0.088000
0 0.883000 0.626667 0.094000 0.304000
0 0.220000 0.624000 0.020000 0.074667
2 0.967000 0.677333 0.046000 0.181333
0 0.479000 0.428000 0.074000 0.120000
4 0.620000 0.650667 0.632000 0.416000
0 0.469000 0.609333 0.938000 0.450667
