4 0.099219 0.501168 0.148438 0.133178
4 0.276562 0.508178 0.225000 0.142523
4 0.407031 0.505841 0.060937 0.095794
4 0.515625 0.509346 0.071875 0.098131
4 0.582031 0.507009 0.067187 0.093458
4 0.941406 0.509346 0.117188 0.158879
4 0.828125 0.510514 0.075000 0.105140
4 0.696875 0.510514 0.053125 0.077103
0 0.154688 0.565421 0.034375 0.116822
0 0.192188 0.567757 0.018750 0.093458
0 0.043750 0.570093 0.034375 0.093458
0 0.276562 0.560748 0.028125 0.112150
0 0.063281 0.559579 0.026562 0.095794
0 0.011719 0.540888 0.017188 0.091121
0 0.006250 0.554907 0.012500 0.091121
4 0.774219 0.508178 0.032813 0.067757
4 0.735156 0.511682 0.020313 0.051402
