3 0.379688 0.816159 0.068750 0.119438
3 0.374219 0.337237 0.085938 0.084309
0 0.382031 0.357143 0.032813 0.072600
0 0.292969 0.399297 0.060937 0.067916
0 0.504687 0.330211 0.021875 0.084309
0 0.489844 0.782201 0.032813 0.088993
0 0.982812 0.730679 0.006250 0.037471
0 0.971094 0.723653 0.007812 0.023419
0 0.964063 0.720141 0.009375 0.025761
0 0.371875 0.797424 0.053125 0.105386
3 0.490625 0.297424 0.068750 0.098361
3 0.317188 0.368852 0.068750 0.128806
3 0.488281 0.782201 0.035937 0.088993
0 0.995313 0.730679 0.009375 0.046838
