2 0.068750 0.631250 0.137500 0.096875
2 0.286458 0.595313 0.068750 0.037500
2 0.351042 0.641406 0.122917 0.098437
2 0.383333 0.575781 0.054167 0.035937
2 0.890625 0.625781 0.218750 0.076563
5 0.041667 0.582031 0.083333 0.054688
2 0.841667 0.596094 0.108333 0.045312
2 0.755208 0.605469 0.164583 0.067187
2 0.977083 0.646094 0.045833 0.089063
2 0.697917 0.589063 0.112500 0.034375
2 0.345833 0.586719 0.541667 0.039062
2 0.120833 0.877344 0.241667 0.245312
2 0.284375 0.576562 0.056250 0.021875
5 0.901042 0.571875 0.097917 0.021875
