2 0.160417 0.729688 0.316667 0.253125
4 0.247917 0.535156 0.241667 0.132812
0 0.854167 0.637500 0.100000 0.203125
1 0.931250 0.713281 0.137500 0.167187
2 0.373958 0.680469 0.306250 0.167187
0 0.896875 0.596094 0.060417 0.142187
5 0.734375 0.563281 0.531250 0.223438
0 0.116667 0.555469 0.020833 0.026562
2 0.241667 0.598437 0.195833 0.059375
2 0.062500 0.582031 0.125000 0.064062
0 0.961458 0.589063 0.052083 0.121875
0 0.988542 0.560937 0.022917 0.068750
2 0.125000 0.847656 0.245833 0.282813
2 0.821875 0.641406 0.156250 0.142187
5 0.411458 0.567187 0.089583 0.065625
