2 0.048438 0.724706 0.096875 0.202353
2 0.106250 0.712941 0.100000 0.178824
2 0.895312 0.791765 0.209375 0.251765
2 0.769531 0.721176 0.160938 0.105882
4 0.475000 0.531765 0.640625 0.743529
0 0.439063 0.318824 0.071875 0.054118
0 0.686719 0.323529 0.048438 0.091765
0 0.384375 0.349412 0.025000 0.035294
0 0.853125 0.663529 0.031250 0.065882
0 0.338281 0.363529 0.026562 0.040000
0 0.314063 0.369412 0.021875 0.047059
0 0.275000 0.389412 0.018750 0.025882
0 0.970313 0.652941 0.025000 0.030588
0 0.642969 0.324706 0.054688 0.084706
0 0.589844 0.325882 0.057813 0.082353
0 0.535937 0.324706 0.040625 0.075294
0 0.794531 0.652941 0.023438 0.035294
0 0.186719 0.388235 0.045312 0.103529
0 0.361719 0.356471 0.020313 0.035294
