0 0.631250 0.691048 0.125000 0.517467
0 0.681250 0.466157 0.053125 0.155022
0 0.757812 0.453057 0.084375 0.155022
0 0.960938 0.602620 0.043750 0.200873
0 0.536719 0.487991 0.060937 0.141921
0 0.660156 0.417031 0.035937 0.082969
0 0.721875 0.465066 0.068750 0.148472
0 0.844531 0.455240 0.092188 0.150655
0 0.709375 0.407205 0.037500 0.058952
0 0.984375 0.516376 0.031250 0.115721
0 0.083594 0.565502 0.054688 0.100437
0 0.986719 0.601528 0.023438 0.189956
5 0.259375 0.672489 0.518750 0.541485
0 0.594531 0.450873 0.057813 0.076419
0 0.571875 0.437773 0.109375 0.102620
