3 0.460000 0.662162 0.112000 0.243243
3 0.323000 0.642643 0.138000 0.300300
3 0.648000 0.666667 0.108000 0.258258
3 0.862000 0.638138 0.156000 0.315315
3 0.141000 0.644144 0.158000 0.279279
0 0.215000 0.620120 0.106000 0.291291
0 0.080000 0.605105 0.060000 0.363363
0 0.797000 0.569069 0.034000 0.177177
0 0.304000 0.487988 0.044000 0.069069
0 0.579000 0.509009 0.054000 0.129129
0 0.704000 0.588589 0.044000 0.240240
0 0.831000 0.492492 0.038000 0.072072
0 0.627000 0.587087 0.094000 0.291291
0 0.669000 0.581081 0.046000 0.273273
0 0.024000 0.593093 0.048000 0.375375
0 0.239000 0.495495 0.026000 0.078078
0 0.486000 0.579580 0.016000 0.036036
0 0.392000 0.584084 0.048000 0.087087
