2 0.336719 0.538542 0.635938 0.385417
2 0.179688 0.388542 0.234375 0.139583
2 0.817187 0.463542 0.340625 0.306250
2 0.910937 0.355208 0.084375 0.064583
2 0.646875 0.373958 0.062500 0.085417
2 0.625000 0.366667 0.053125 0.054167
3 0.060937 0.514583 0.121875 0.145833
0 0.317188 0.357292 0.018750 0.031250
0 0.034375 0.427083 0.065625 0.187500
0 0.375781 0.344792 0.026562 0.022917
2 0.467969 0.350000 0.201563 0.062500
0 0.282031 0.361458 0.014063 0.014583
0 0.610156 0.346875 0.014063 0.035417
0 0.648438 0.337500 0.006250 0.008333
2 0.965625 0.339583 0.028125 0.016667
