2 0.081250 0.619914 0.156250 0.100642
2 0.716406 0.580300 0.123438 0.107066
2 0.635156 0.594218 0.201563 0.096360
2 0.283594 0.585653 0.101562 0.096360
2 0.971094 0.563169 0.057813 0.124197
2 0.487500 0.576017 0.118750 0.072805
3 0.342969 0.640257 0.073438 0.098501
3 0.784375 0.677730 0.043750 0.096360
3 0.666406 0.632762 0.135937 0.126338
0 0.554688 0.559957 0.015625 0.032120
0 0.864062 0.629550 0.078125 0.192719
0 0.824219 0.583512 0.029687 0.092077
0 0.476562 0.584582 0.025000 0.077088
0 0.525000 0.604925 0.046875 0.117773
0 0.428125 0.616702 0.050000 0.145610
0 0.344531 0.608137 0.057813 0.119914
0 0.659375 0.608137 0.053125 0.132762
3 0.434375 0.655246 0.112500 0.102784
3 0.882812 0.663812 0.187500 0.171306
3 0.235937 0.865096 0.253125 0.239829
3 0.534375 0.644540 0.106250 0.081370
0 0.200781 0.782655 0.154688 0.404711
2 0.367969 0.570664 0.045312 0.040685
3 0.482031 0.613490 0.051562 0.066381
0 0.433594 0.568522 0.017188 0.036403
0 0.934375 0.525696 0.006250 0.006424
0 0.833594 0.574946 0.023438 0.053533
2 0.407031 0.549251 0.029687 0.044968
2 0.933594 0.532120 0.020313 0.010707
