2 0.244531 0.512500 0.060937 0.079167
2 0.223438 0.506250 0.090625 0.062500
2 0.825000 0.427083 0.046875 0.037500
2 0.816406 0.457292 0.042188 0.060417
4 0.532031 0.480208 0.542188 0.477083
0 0.860938 0.457292 0.040625 0.081250
0 0.859375 0.497917 0.068750 0.095833
5 0.059375 0.529167 0.118750 0.183333
0 0.890625 0.455208 0.025000 0.127083
0 0.924219 0.423958 0.029687 0.060417
0 0.972656 0.432292 0.017188 0.060417
0 0.991406 0.460417 0.017188 0.145833
0 0.985938 0.434375 0.015625 0.085417
0 0.953125 0.429167 0.015625 0.050000
0 0.928125 0.452083 0.012500 0.020833
