0 0.263281 0.556075 0.139063 0.598131
0 0.131250 0.431075 0.046875 0.203271
0 0.435156 0.408879 0.020313 0.163551
0 0.985156 0.476636 0.029687 0.126168
0 0.703906 0.478972 0.042188 0.130841
0 0.894531 0.524533 0.048438 0.235981
0 0.621875 0.512850 0.065625 0.198598
0 0.946094 0.575935 0.045312 0.142523
0 0.157812 0.510514 0.065625 0.296729
0 0.678906 0.476636 0.057813 0.149533
2 0.648438 0.316589 0.037500 0.016355
0 0.480469 0.429907 0.032813 0.088785
0 0.788281 0.485981 0.026562 0.093458
0 0.560937 0.619159 0.084375 0.584112
0 0.482031 0.438084 0.964063 0.264019
