1 0.649000 0.401882 0.174000 0.126344
1 0.826000 0.834677 0.196000 0.325269
1 0.632000 0.680108 0.596000 0.607527
1 0.556000 0.544355 0.228000 0.169355
1 0.415000 0.458333 0.194000 0.233871
0 0.118000 0.315860 0.076000 0.223118
0 0.243000 0.284946 0.098000 0.123656
1 0.373000 0.608871 0.110000 0.223118
1 0.244000 0.427419 0.096000 0.059140
1 0.179000 0.379032 0.070000 0.086022
1 0.301000 0.451613 0.074000 0.134409
1 0.241000 0.517473 0.386000 0.470430
1 0.488000 0.560484 0.248000 0.287634
1 0.768000 0.475806 0.068000 0.204301
1 0.241000 0.368280 0.126000 0.075269
1 0.582000 0.633065 0.832000 0.728495
