1 0.198511 0.866406 0.054591 0.070312
0 0.196030 0.848437 0.039702 0.103125
0 0.124069 0.864062 0.074442 0.168750
0 0.977667 0.831250 0.039702 0.078125
0 0.935484 0.837500 0.034739 0.078125
0 0.868486 0.830469 0.029777 0.064062
0 0.038462 0.850000 0.071960 0.115625
0 0.900744 0.829688 0.039702 0.078125
0 0.265509 0.825781 0.019851 0.060937
0 0.286600 0.817187 0.032258 0.068750
0 0.456576 0.822656 0.059553 0.067187
0 0.071960 0.803906 0.019851 0.039062
0 0.311414 0.812500 0.027295 0.043750
0 0.292804 0.851562 0.585608 0.156250
