2 0.382031 0.751042 0.710938 0.372917
2 0.598437 0.691667 0.434375 0.250000
2 0.198437 0.539583 0.156250 0.045833
2 0.265625 0.539583 0.078125 0.050000
2 0.324219 0.544792 0.123438 0.047917
2 0.732812 0.666667 0.265625 0.200000
2 0.595313 0.544792 0.050000 0.047917
2 0.016406 0.617708 0.032813 0.081250
2 0.739844 0.621875 0.235937 0.114583
2 0.796875 0.580208 0.140625 0.064583
2 0.838281 0.544792 0.057813 0.039583
2 0.082031 0.584375 0.164062 0.097917
2 0.175781 0.548958 0.104688 0.031250
5 0.122656 0.513542 0.129688 0.047917
2 0.471875 0.573958 0.746875 0.156250
