1 0.499219 0.501042 0.317188 0.277083
2 0.746875 0.377083 0.143750 0.170833
4 0.351562 0.354167 0.696875 0.691667
0 0.846094 0.322917 0.017188 0.054167
0 0.835938 0.315625 0.012500 0.039583
0 0.825000 0.326042 0.012500 0.035417
0 0.517188 0.283333 0.078125 0.137500
0 0.860156 0.319792 0.017188 0.064583
0 0.858594 0.333333 0.007812 0.041667
0 0.328125 0.284375 0.028125 0.043750
0 0.267188 0.276042 0.078125 0.118750
2 0.968750 0.335417 0.062500 0.100000
0 0.347656 0.322917 0.042188 0.062500
0 0.325000 0.326042 0.025000 0.056250
0 0.136719 0.290625 0.014063 0.085417
