1 0.858594 0.809133 0.182812 0.297424
1 0.411719 0.742389 0.032813 0.177986
2 0.942187 0.708431 0.112500 0.297424
2 0.315625 0.614754 0.040625 0.039813
2 0.746094 0.620609 0.054688 0.079625
2 0.766406 0.634660 0.054688 0.098361
4 0.531250 0.566745 0.378125 0.323185
0 0.524219 0.692037 0.139063 0.423888
0 0.864844 0.651054 0.135937 0.393443
0 0.411719 0.662763 0.070312 0.252927
0 0.154688 0.619438 0.015625 0.077283
0 0.211719 0.715457 0.123438 0.386417
0 0.051562 0.728337 0.096875 0.543326
0 0.105469 0.702576 0.060937 0.388759
0 0.136719 0.649883 0.023438 0.161593
1 0.525000 0.805621 0.078125 0.304450
2 0.853125 0.638173 0.178125 0.170960
