1 0.833594 0.771663 0.051562 0.175644
1 0.753906 0.763466 0.045312 0.168618
1 0.372656 0.786885 0.032813 0.135831
1 0.067187 0.749415 0.028125 0.131148
2 0.075000 0.432084 0.075000 0.114754
2 0.594531 0.751756 0.257812 0.276347
4 0.839844 0.543326 0.317188 0.519906
4 0.650781 0.408665 0.164062 0.231850
4 0.353125 0.325527 0.062500 0.098361
0 0.850000 0.710773 0.090625 0.288056
0 0.471094 0.440281 0.020313 0.051522
0 0.417187 0.706089 0.078125 0.292740
0 0.596094 0.553864 0.039062 0.058548
0 0.398438 0.545667 0.018750 0.042155
0 0.441406 0.379391 0.007812 0.018735
0 0.499219 0.519906 0.029687 0.079625
0 0.485156 0.497658 0.023438 0.058548
0 0.579688 0.505855 0.025000 0.032787
0 0.386719 0.604215 0.042188 0.088993
1 0.097656 0.521077 0.010937 0.077283
2 0.024219 0.507026 0.048438 0.110070
5 0.129688 0.336066 0.071875 0.124122
0 0.417187 0.402810 0.018750 0.046838
1 0.007031 0.764637 0.014063 0.138173
1 0.313281 0.523419 0.017188 0.086651
2 0.020313 0.540984 0.040625 0.173302
0 0.353906 0.658080 0.045312 0.220141
0 0.514844 0.489461 0.010937 0.032787
4 0.220312 0.418033 0.137500 0.269321
0 0.415625 0.537471 0.831250 0.644028
