0 0.338028 0.811719 0.507042 0.376563
0 0.839202 0.830469 0.316901 0.310937
0 0.137324 0.710938 0.039906 0.046875
0 0.713615 0.653906 0.028169 0.045312
0 0.834507 0.657031 0.021127 0.035937
0 0.082160 0.700781 0.037559 0.073438
0 0.748826 0.657813 0.032864 0.056250
0 0.258216 0.667969 0.056338 0.064062
0 0.950704 0.635156 0.018779 0.039062
1 0.780516 0.753906 0.100939 0.039062
0 0.271127 0.656250 0.021127 0.056250
0 0.052817 0.695312 0.039906 0.075000
0 0.632629 0.616406 0.016432 0.029687
0 0.057512 0.655469 0.025822 0.032813
0 0.480047 0.649219 0.922535 0.151562
