6 0.563281 0.490632 0.435937 0.217799
0 0.484375 0.471897 0.037500 0.133489
0 0.589063 0.456674 0.031250 0.042155
0 0.660937 0.454333 0.012500 0.023419
0 0.565625 0.471897 0.021875 0.058548
0 0.542969 0.483607 0.023438 0.081967
0 0.642969 0.456674 0.014063 0.028103
0 0.600781 0.454333 0.010937 0.023419
0 0.456250 0.427400 0.025000 0.035129
0 0.654687 0.448478 0.006250 0.011710
0 0.621094 0.457845 0.007812 0.021077
0 0.611719 0.454333 0.007812 0.032787
0 0.627344 0.455504 0.017188 0.030445
0 0.533594 0.459016 0.007812 0.023419
0 0.559375 0.489461 0.018750 0.070258
