1 0.664062 0.373958 0.046875 0.077083
1 0.895312 0.323958 0.106250 0.156250
1 0.405469 0.378125 0.045312 0.072917
1 0.491406 0.352083 0.114062 0.108333
1 0.712500 0.369792 0.056250 0.068750
0 0.233594 0.568750 0.145313 0.500000
5 0.452344 0.454167 0.839063 0.525000
0 0.252344 0.345833 0.064062 0.095833
1 0.615625 0.372917 0.531250 0.079167
1 0.542969 0.368750 0.042188 0.079167
1 0.742969 0.339583 0.039062 0.129167
1 0.639844 0.377083 0.026562 0.058333
1 0.672656 0.359375 0.042188 0.093750
1 0.585156 0.345833 0.073438 0.125000
1 0.242188 0.536458 0.134375 0.447917
