0 0.642188 0.867708 0.137500 0.264583
0 0.542969 0.833333 0.057813 0.270833
0 0.357031 0.756250 0.048438 0.116667
0 0.329688 0.735417 0.046875 0.075000
0 0.270313 0.779167 0.081250 0.158333
0 0.248438 0.878125 0.087500 0.218750
0 0.060937 0.868750 0.093750 0.262500
0 0.143750 0.732292 0.065625 0.193750
0 0.503906 0.819792 0.045312 0.264583
0 0.425781 0.734375 0.042188 0.172917
0 0.628125 0.688542 0.025000 0.093750
5 0.914844 0.605208 0.048438 0.047917
0 0.387500 0.834375 0.059375 0.243750
0 0.814844 0.771875 0.035937 0.147917
0 0.549219 0.860417 0.523438 0.275000
