2 0.150000 0.266667 0.087500 0.125000
2 0.178906 0.195833 0.070312 0.050000
2 0.937500 0.429167 0.121875 0.270833
2 0.088281 0.195833 0.060937 0.050000
5 0.493750 0.327083 0.771875 0.637500
5 0.928125 0.217708 0.143750 0.172917
2 0.712500 0.226042 0.087500 0.047917
5 0.160156 0.155208 0.064062 0.072917
5 0.075000 0.146875 0.037500 0.043750
5 0.118750 0.158333 0.021875 0.054167
5 0.043750 0.150000 0.015625 0.020833
2 0.245312 0.180208 0.037500 0.039583
2 0.482031 0.189583 0.017188 0.041667
2 0.195312 0.153125 0.025000 0.022917
