4 0.450000 0.846963 0.128125 0.226636
4 0.552344 0.822430 0.098437 0.154206
0 0.162500 0.822430 0.012500 0.018692
0 0.250781 0.839953 0.020313 0.077103
0 0.275781 0.853972 0.029687 0.086449
0 0.217969 0.871495 0.026562 0.102804
0 0.611719 0.829439 0.014063 0.065421
0 0.623437 0.823598 0.015625 0.063084
0 0.820312 0.865654 0.025000 0.142523
0 0.231250 0.910047 0.050000 0.175234
0 0.148438 0.852804 0.028125 0.098131
0 0.308594 0.875000 0.032813 0.123832
0 0.339062 0.830607 0.012500 0.063084
0 0.159375 0.858645 0.043750 0.091121
4 0.383594 0.825935 0.023438 0.123832
0 0.085156 0.900701 0.157812 0.198598
0 0.567969 0.879673 0.860938 0.235981
