2 0.096094 0.762500 0.192188 0.258333
2 0.405469 0.598958 0.073438 0.102083
4 0.584375 0.526042 0.234375 0.285417
4 0.251563 0.541667 0.115625 0.241667
0 0.113281 0.596875 0.014063 0.068750
0 0.153906 0.605208 0.023438 0.085417
0 0.846094 0.643750 0.026562 0.108333
0 0.946094 0.640625 0.051562 0.193750
0 0.859375 0.602083 0.021875 0.100000
2 0.325000 0.566667 0.015625 0.016667
0 0.058594 0.600000 0.045312 0.066667
0 0.017969 0.607292 0.020313 0.064583
0 0.125000 0.571875 0.018750 0.035417
2 0.370312 0.568750 0.006250 0.016667
0 0.710938 0.610417 0.021875 0.116667
0 0.878906 0.629167 0.029687 0.154167
0 0.177344 0.604167 0.017188 0.075000
0 0.910937 0.638542 0.040625 0.160417
0 0.130469 0.606250 0.023438 0.070833
0 0.335156 0.519792 0.667188 0.177083
