0 0.424000 0.552000 0.148000 0.645333
0 0.933000 0.577333 0.126000 0.813333
1 0.538000 0.458667 0.028000 0.122667
2 0.145000 0.482667 0.290000 0.314667
2 0.491000 0.365333 0.058000 0.085333
2 0.043000 0.298667 0.086000 0.058667
2 0.723000 0.342667 0.042000 0.061333
2 0.682000 0.345333 0.048000 0.072000
2 0.532000 0.326667 0.048000 0.034667
2 0.662000 0.352000 0.032000 0.064000
2 0.780000 0.341333 0.016000 0.048000
2 0.240000 0.362667 0.176000 0.160000
2 0.842000 0.336000 0.016000 0.032000
2 0.813000 0.342667 0.030000 0.034667
2 0.792000 0.342667 0.020000 0.040000
