1 0.385156 0.778125 0.648438 0.418750
1 0.552344 0.538542 0.260937 0.177083
0 0.509375 0.447917 0.106250 0.350000
0 0.178906 0.547917 0.145313 0.687500
0 0.592187 0.304167 0.053125 0.083333
0 0.311719 0.575000 0.095312 0.495833
0 0.703906 0.388542 0.054688 0.143750
0 0.804688 0.394792 0.056250 0.156250
0 0.248438 0.389583 0.053125 0.191667
0 0.326562 0.353125 0.062500 0.114583
0 0.760938 0.388542 0.037500 0.131250
0 0.627344 0.336458 0.029687 0.056250
0 0.050000 0.481250 0.100000 0.520833
0 0.652344 0.345833 0.039062 0.066667
0 0.557031 0.333333 0.042188 0.083333
