3 0.468750 0.485417 0.681250 0.604167
0 0.288281 0.212500 0.060937 0.266667
0 0.232031 0.173958 0.064062 0.256250
0 0.970313 0.203125 0.028125 0.118750
0 0.455469 0.215625 0.054688 0.277083
0 0.513281 0.209375 0.089063 0.277083
0 0.584375 0.211458 0.056250 0.268750
0 0.650000 0.159375 0.093750 0.147917
0 0.846094 0.192708 0.054688 0.164583
0 0.007031 0.093750 0.014063 0.033333
0 0.366406 0.133333 0.026562 0.116667
0 0.361719 0.086458 0.014063 0.031250
2 0.067187 0.153125 0.134375 0.097917
0 0.253906 0.133333 0.032813 0.129167
3 0.167187 0.115625 0.025000 0.031250
0 0.866406 0.181250 0.029687 0.175000
