3 0.499219 0.501078 0.945312 0.907328
3 0.941406 0.262931 0.114062 0.267241
0 0.032031 0.300647 0.060937 0.290948
0 0.244531 0.221983 0.060937 0.133621
0 0.546875 0.195043 0.034375 0.049569
0 0.467187 0.237069 0.018750 0.034483
0 0.097656 0.243534 0.082812 0.241379
0 0.058594 0.198276 0.035937 0.068966
0 0.421875 0.226293 0.043750 0.073276
0 0.142187 0.206897 0.018750 0.068966
0 0.333594 0.252155 0.007812 0.012931
3 0.866406 0.308190 0.267188 0.612069
3 0.895312 0.257543 0.184375 0.247845
3 0.964063 0.270474 0.071875 0.127155
