2 0.176563 0.500000 0.165625 0.126984
0 0.032813 0.521164 0.062500 0.328042
0 0.202344 0.542328 0.073438 0.259259
0 0.488281 0.742063 0.079687 0.335979
0 0.803906 0.705026 0.076563 0.325397
0 0.691406 0.744709 0.051562 0.208995
0 0.623437 0.650794 0.040625 0.195767
0 0.743750 0.765873 0.062500 0.187831
0 0.886719 0.661376 0.017188 0.105820
2 0.435937 0.542328 0.015625 0.021164
0 0.592969 0.632275 0.035937 0.105820
2 0.550000 0.572751 0.040625 0.039683
0 0.850000 0.693122 0.050000 0.269841
0 0.135937 0.506614 0.031250 0.161376
2 0.511719 0.559524 0.020313 0.018519
2 0.075781 0.485450 0.017188 0.029101
0 0.344531 0.674603 0.101562 0.476190
0 0.942969 0.685185 0.023438 0.137566
0 0.473438 0.583333 0.859375 0.330688
