1 0.382812 0.688281 0.015625 0.045312
0 0.637500 0.719531 0.084375 0.207813
0 0.450781 0.678125 0.048438 0.128125
0 0.182812 0.680469 0.053125 0.104688
0 0.075781 0.690625 0.048438 0.137500
0 0.027344 0.688281 0.054688 0.151562
0 0.739844 0.671875 0.045312 0.103125
0 0.516406 0.662500 0.020313 0.065625
0 0.375781 0.669531 0.035937 0.076563
0 0.638281 0.639844 0.020313 0.023438
0 0.963281 0.662500 0.035937 0.112500
0 0.259375 0.659375 0.006250 0.018750
0 0.684375 0.680469 0.034375 0.073438
1 0.445312 0.724219 0.043750 0.073438
0 0.769531 0.668750 0.032813 0.103125
0 0.352344 0.663281 0.489063 0.092188
