6 0.356250 0.322709 0.706250 0.227092
6 0.917188 0.578685 0.165625 0.213147
6 0.881250 0.444223 0.231250 0.087649
0 0.523438 0.934263 0.034375 0.067729
0 0.385937 0.942231 0.031250 0.099602
0 0.866406 0.356574 0.017188 0.043825
0 0.367188 0.916335 0.028125 0.079681
0 0.338281 0.912351 0.029687 0.111554
0 0.303125 0.866534 0.031250 0.091633
0 0.861719 0.728088 0.032813 0.117530
0 0.695312 0.934263 0.025000 0.071713
0 0.699219 0.598606 0.017188 0.025896
0 0.435156 0.773904 0.026562 0.093625
0 0.457813 0.772908 0.025000 0.083665
0 0.789062 0.674303 0.028125 0.057769
0 0.910156 0.712151 0.029687 0.073705
0 0.499219 0.569721 0.998437 0.844622
