0 0.783594 0.523958 0.032813 0.118750
0 0.863281 0.517708 0.014063 0.060417
0 0.953906 0.498958 0.026562 0.035417
0 0.832812 0.508333 0.009375 0.020833
3 0.060937 0.634375 0.121875 0.289583
3 0.164844 0.617708 0.170313 0.210417
3 0.275781 0.601042 0.085938 0.214583
3 0.346094 0.617708 0.107813 0.147917
3 0.378125 0.581250 0.146875 0.175000
3 0.467187 0.570833 0.081250 0.154167
3 0.506250 0.561458 0.125000 0.143750
3 0.647656 0.560417 0.032813 0.070833
3 0.579688 0.557292 0.053125 0.131250
3 0.610156 0.567708 0.070312 0.081250
3 0.661719 0.554167 0.039062 0.079167
3 0.681250 0.539583 0.040625 0.091667
3 0.711719 0.547917 0.032813 0.058333
3 0.583594 0.543750 0.482812 0.116667
