4 0.822656 0.772936 0.098437 0.041284
4 0.680469 0.763761 0.051562 0.027523
0 0.485156 0.923165 0.026562 0.107798
0 0.271875 0.902523 0.015625 0.034404
0 0.428125 0.924312 0.015625 0.105505
0 0.463281 0.939220 0.023438 0.038991
2 0.720313 0.780963 0.050000 0.025229
2 0.645312 0.783257 0.053125 0.025229
2 0.662500 0.779817 0.037500 0.027523
5 0.135156 0.784404 0.035937 0.032110
0 0.846875 0.910550 0.025000 0.096330
0 0.893750 0.908257 0.028125 0.096330
0 0.868750 0.928899 0.021875 0.055046
0 0.771094 0.891055 0.020313 0.080275
0 0.753906 0.821101 0.014063 0.055046
0 0.636719 0.884174 0.020313 0.048165
0 0.383594 0.837156 0.010937 0.055046
0 0.516406 0.849771 0.010937 0.052752
2 0.526563 0.783257 0.012500 0.025229
2 0.475781 0.784404 0.039062 0.022936
2 0.285938 0.785550 0.040625 0.020642
2 0.326562 0.786697 0.025000 0.018349
2 0.042188 0.786697 0.034375 0.022936
2 0.253906 0.786697 0.051562 0.027523
2 0.306250 0.782110 0.025000 0.018349
2 0.207813 0.787844 0.031250 0.020642
0 0.540625 0.809633 0.009375 0.041284
2 0.177344 0.786697 0.032813 0.022936
5 0.368750 0.776376 0.062500 0.048165
0 0.487500 0.827982 0.946875 0.311927
2 0.526563 0.763761 0.943750 0.133028
