0 0.615942 0.497938 0.734990 0.967010
0 0.244306 0.207216 0.132505 0.146392
0 0.398551 0.113402 0.084886 0.131959
0 0.481366 0.106186 0.109731 0.117526
0 0.913043 0.449485 0.153209 0.334021
0 0.964803 0.189691 0.062112 0.123711
0 0.087992 0.186598 0.101449 0.129897
0 0.387164 0.189691 0.082816 0.065979
0 0.308489 0.295876 0.086957 0.125773
0 0.051760 0.320619 0.099379 0.109278
0 0.814700 0.309278 0.076605 0.115464
0 0.892340 0.204124 0.107660 0.107216
0 0.915114 0.173196 0.095238 0.152577
0 0.497930 0.214433 0.995859 0.428866
