1 0.014000 0.486667 0.028000 0.104000
0 0.365000 0.788000 0.066000 0.173333
0 0.347000 0.753333 0.102000 0.210667
0 0.298000 0.732000 0.040000 0.210667
0 0.768000 0.534667 0.076000 0.184000
0 0.539000 0.548000 0.090000 0.157333
0 0.805000 0.553333 0.074000 0.205333
0 0.222000 0.269333 0.068000 0.165333
0 0.190000 0.266667 0.056000 0.160000
0 0.355000 0.276000 0.058000 0.194667
3 0.519000 0.601333 0.146000 0.189333
0 0.532000 0.400000 0.040000 0.048000
0 0.570000 0.432000 0.064000 0.112000
0 0.499000 0.560000 0.074000 0.176000
3 0.557000 0.497333 0.126000 0.157333
3 0.372000 0.829333 0.100000 0.170667
3 0.029000 0.090667 0.058000 0.096000
3 0.784000 0.578667 0.140000 0.202667
3 0.354000 0.118667 0.120000 0.146667
3 0.346000 0.281333 0.112000 0.168000
3 0.940000 0.417333 0.116000 0.178667
0 0.960000 0.340000 0.072000 0.120000
0 0.497000 0.498667 0.490000 0.997333
