1 0.271875 0.925000 0.043750 0.037500
1 0.241406 0.954167 0.010937 0.041667
1 0.407031 0.927083 0.032813 0.037500
0 0.448437 0.944792 0.109375 0.106250
0 0.244531 0.931250 0.029687 0.108333
0 0.178906 0.943750 0.098437 0.112500
0 0.030469 0.966667 0.054688 0.066667
0 0.267188 0.911458 0.018750 0.068750
0 0.973437 0.922917 0.018750 0.087500
0 0.210938 0.910417 0.021875 0.066667
0 0.466406 0.937500 0.057813 0.125000
0 0.278906 0.889583 0.017188 0.041667
0 0.535156 0.939583 0.064062 0.120833
1 0.475000 0.987500 0.059375 0.025000
0 0.058594 0.939583 0.054688 0.116667
0 0.492188 0.903125 0.018750 0.047917
0 0.146094 0.888542 0.010937 0.018750
