1 0.934375 0.362998 0.050000 0.168618
2 0.852344 0.202576 0.032813 0.049180
2 0.978125 0.204918 0.037500 0.058548
0 0.935156 0.286885 0.060937 0.222482
0 0.071094 0.255269 0.104688 0.346604
0 0.167187 0.187354 0.075000 0.192037
0 0.279687 0.181499 0.059375 0.166276
0 0.395313 0.207260 0.053125 0.161593
0 0.426563 0.185012 0.037500 0.140515
0 0.562500 0.195550 0.025000 0.110070
0 0.516406 0.185012 0.051562 0.103044
3 0.117969 0.672131 0.235937 0.618267
3 0.232813 0.592506 0.287500 0.501171
3 0.334375 0.550351 0.187500 0.398126
3 0.479687 0.394614 0.118750 0.325527
3 0.479687 0.401639 0.259375 0.231850
3 0.638281 0.304450 0.089063 0.168618
3 0.369531 0.453162 0.167187 0.400468
3 0.073438 0.901639 0.146875 0.196721
3 0.578906 0.377049 0.220312 0.229508
3 0.659375 0.306792 0.100000 0.196721
3 0.413281 0.453162 0.142187 0.297424
3 0.692187 0.313817 0.084375 0.163934
0 0.545312 0.165105 0.018750 0.039813
1 0.096094 0.351288 0.126562 0.177986
4 0.729688 0.169789 0.081250 0.035129
0 0.052344 0.097190 0.029687 0.053864
1 0.144531 0.312646 0.064062 0.128806
0 0.638281 0.183841 0.026562 0.053864
