2 0.514844 0.782201 0.126562 0.056206
2 0.238281 0.754098 0.095312 0.060890
3 0.534375 0.804450 0.053125 0.049180
0 0.631250 0.855972 0.109375 0.259953
0 0.744531 0.852459 0.123438 0.295082
0 0.820312 0.859485 0.071875 0.276347
0 0.957031 0.785714 0.045312 0.330211
0 0.155469 0.866511 0.126562 0.266979
0 0.888281 0.816159 0.064062 0.344262
2 0.075781 0.716628 0.120313 0.140515
2 0.765625 0.742389 0.040625 0.056206
2 0.857812 0.700234 0.021875 0.037471
0 0.027344 0.847775 0.054688 0.304450
0 0.379688 0.887588 0.134375 0.224824
0 0.251563 0.880562 0.050000 0.238876
4 0.682031 0.733021 0.132812 0.079625
0 0.260156 0.886417 0.067187 0.222482
0 0.539844 0.786885 0.014063 0.046838
2 0.840625 0.697892 0.025000 0.037471
2 0.798438 0.723653 0.040625 0.046838
