0 0.410938 0.369718 0.059375 0.218310
0 0.484375 0.400235 0.078125 0.185446
0 0.667188 0.458920 0.050000 0.269953
0 0.707031 0.488263 0.054688 0.300469
0 0.767188 0.484742 0.093750 0.373239
0 0.210938 0.564554 0.134375 0.321596
0 0.842969 0.583333 0.167187 0.312207
0 0.910156 0.750000 0.176563 0.495305
0 0.542188 0.392019 0.037500 0.126761
0 0.377344 0.504695 0.145313 0.356808
0 0.967187 0.363850 0.065625 0.253521
0 0.306250 0.500000 0.056250 0.366197
0 0.594531 0.411972 0.089063 0.227700
0 0.495312 0.637324 0.990625 0.720657
