5 0.342969 0.302108 0.079687 0.042155
5 0.275781 0.311475 0.054688 0.051522
2 0.342969 0.299766 0.079687 0.046838
0 0.545312 0.523419 0.078125 0.250585
0 0.445312 0.471897 0.056250 0.180328
0 0.171875 0.638173 0.190625 0.564403
0 0.697656 0.484778 0.064062 0.177986
0 0.853906 0.474239 0.014063 0.035129
0 0.972656 0.490632 0.045312 0.133489
0 0.507031 0.502342 0.042188 0.175644
0 0.226562 0.481265 0.062500 0.227166
0 0.839844 0.461358 0.010937 0.037471
0 0.353125 0.511710 0.031250 0.170960
0 0.528906 0.503513 0.023438 0.107728
0 0.804688 0.482436 0.021875 0.112412
0 0.516406 0.501171 0.673438 0.187354
