2 0.843750 0.538281 0.120833 0.064062
2 0.775000 0.524219 0.100000 0.039062
2 0.693750 0.523438 0.075000 0.021875
2 0.641667 0.516406 0.029167 0.017188
2 0.213542 0.514062 0.052083 0.015625
2 0.901042 0.521875 0.047917 0.021875
2 0.075000 0.517188 0.037500 0.018750
5 0.307292 0.531250 0.256250 0.081250
5 0.145833 0.526563 0.108333 0.043750
2 0.054167 0.516406 0.041667 0.017188
2 0.565625 0.517969 0.043750 0.017188
2 0.462500 0.519531 0.054167 0.020313
0 0.597917 0.378906 0.020833 0.014063
2 0.413542 0.512500 0.052083 0.012500
2 0.504167 0.530469 0.987500 0.070312
