3 0.617708 0.702344 0.068750 0.089063
3 0.290625 0.775781 0.214583 0.154688
0 0.735417 0.640625 0.208333 0.478125
0 0.616667 0.631250 0.083333 0.131250
0 0.888542 0.607812 0.039583 0.053125
0 0.918750 0.595313 0.020833 0.025000
0 0.558333 0.625000 0.050000 0.071875
0 0.321875 0.673438 0.172917 0.250000
0 0.866667 0.597656 0.020833 0.032813
0 0.867708 0.607031 0.077083 0.123438
1 0.976042 0.707031 0.047917 0.139063
0 0.917708 0.624219 0.031250 0.042188
0 0.904167 0.595313 0.016667 0.018750
1 0.808333 0.832812 0.383333 0.334375
0 0.962500 0.633594 0.070833 0.217188
