2 0.311719 0.775000 0.048438 0.050000
2 0.396875 0.764583 0.025000 0.029167
2 0.330469 0.762500 0.035937 0.033333
0 0.725781 0.821875 0.054688 0.097917
0 0.682031 0.781250 0.029687 0.037500
0 0.648438 0.784375 0.025000 0.043750
0 0.355469 0.786458 0.039062 0.056250
3 0.686719 0.825000 0.029687 0.079167
3 0.743750 0.880208 0.046875 0.102083
3 0.078906 0.929167 0.139063 0.141667
2 0.347656 0.758333 0.026562 0.037500
5 0.782813 0.784375 0.106250 0.160417
0 0.282031 0.778125 0.020313 0.060417
3 0.264062 0.840625 0.046875 0.072917
2 0.670312 0.783333 0.078125 0.070833
2 0.092188 0.809375 0.050000 0.043750
2 0.368750 0.762500 0.018750 0.037500
3 0.360156 0.815625 0.042188 0.022917
0 0.417187 0.753125 0.015625 0.031250
0 0.265625 0.808333 0.037500 0.095833
0 0.071875 0.888542 0.118750 0.202083
