1 0.709000 0.472000 0.026000 0.037333
1 0.781000 0.484000 0.078000 0.072000
1 0.829000 0.497333 0.030000 0.050667
1 0.286000 0.450667 0.032000 0.048000
1 0.931000 0.474667 0.062000 0.090667
1 0.966000 0.480000 0.040000 0.053333
2 0.313000 0.408000 0.074000 0.042667
6 0.136000 0.460000 0.260000 0.429333
4 0.129000 0.444000 0.258000 0.381333
1 0.888000 0.480000 0.032000 0.064000
1 0.867000 0.498667 0.026000 0.048000
1 0.739000 0.468000 0.022000 0.040000
1 0.625000 0.469333 0.046000 0.058667
5 0.312000 0.406667 0.076000 0.040000
1 0.766000 0.552000 0.132000 0.106667
1 0.586000 0.460000 0.020000 0.045333
1 0.983000 0.514667 0.030000 0.069333
1 0.582000 0.444000 0.692000 0.114667
