1 0.718750 0.790398 0.106250 0.180328
0 0.356250 0.807963 0.153125 0.313817
0 0.571094 0.685012 0.067187 0.269321
0 0.236719 0.781030 0.089063 0.217799
0 0.161719 0.734192 0.085938 0.194379
0 0.535937 0.641686 0.062500 0.201405
0 0.483594 0.674473 0.051562 0.220141
0 0.443750 0.611241 0.037500 0.103044
0 0.384375 0.608899 0.068750 0.131148
0 0.396094 0.741218 0.067187 0.142857
1 0.549219 0.733021 0.048438 0.168618
1 0.789062 0.742389 0.081250 0.126464
1 0.700000 0.744731 0.081250 0.135831
0 0.042188 0.733021 0.081250 0.149883
0 0.471875 0.590164 0.025000 0.060890
0 0.758594 0.646370 0.064062 0.145199
0 0.823438 0.637002 0.053125 0.135831
1 0.920312 0.796253 0.159375 0.234192
0 0.446094 0.629977 0.892188 0.187354
