1 0.198198 0.798000 0.396396 0.368000
1 0.629129 0.547000 0.129129 0.202000
1 0.503003 0.492000 0.093093 0.160000
0 0.900901 0.454000 0.198198 0.344000
0 0.824324 0.403000 0.165165 0.274000
0 0.629129 0.407000 0.225225 0.242000
0 0.474474 0.412000 0.144144 0.232000
0 0.175676 0.522000 0.345345 0.596000
1 0.806306 0.599000 0.099099 0.198000
0 0.294294 0.339000 0.102102 0.146000
0 0.358859 0.299000 0.063063 0.086000
0 0.418919 0.339000 0.075075 0.094000
0 0.306306 0.482000 0.294294 0.412000
1 0.918919 0.664000 0.156156 0.256000
0 0.360360 0.362000 0.090090 0.152000
