1 0.489461 0.717187 0.374707 0.537500
1 0.921546 0.432031 0.156909 0.139063
0 0.483607 0.539062 0.480094 0.815625
0 0.156909 0.328125 0.145199 0.284375
0 0.286885 0.308594 0.142857 0.273438
0 0.757611 0.362500 0.124122 0.309375
0 0.805621 0.251563 0.088993 0.131250
0 0.071429 0.496875 0.138173 0.637500
0 0.637002 0.230469 0.093677 0.110937
0 0.881733 0.339844 0.156909 0.289062
0 0.596019 0.221875 0.077283 0.081250
0 0.943794 0.356250 0.112412 0.281250
0 0.399297 0.560156 0.414520 0.623437
1 0.142857 0.391406 0.112412 0.148438
1 0.868852 0.411719 0.173302 0.142187
