5 0.260156 0.517544 0.095312 0.100877
0 0.125000 0.690789 0.031250 0.144737
2 0.720313 0.707237 0.181250 0.138158
2 0.871094 0.684211 0.201563 0.127193
2 0.886719 0.630482 0.192188 0.089912
2 0.557813 0.595395 0.087500 0.072368
2 0.489844 0.585526 0.067187 0.061404
2 0.446875 0.569079 0.059375 0.050439
2 0.661719 0.603070 0.114062 0.096491
2 0.239844 0.574561 0.060937 0.065789
2 0.135156 0.480263 0.032813 0.035088
2 0.410938 0.601974 0.075000 0.076754
2 0.085156 0.634868 0.104688 0.089912
2 0.291406 0.430921 0.017188 0.028509
2 0.103906 0.558114 0.048438 0.050439
2 0.242188 0.486842 0.293750 0.210526
