0 0.146094 0.601042 0.104688 0.318750
0 0.783594 0.502083 0.014063 0.045833
0 0.477344 0.497917 0.026562 0.054167
0 0.579688 0.510417 0.078125 0.204167
0 0.139844 0.481250 0.042188 0.120833
0 0.663281 0.511458 0.114062 0.185417
2 0.045312 0.398958 0.075000 0.035417
2 0.599219 0.368750 0.042188 0.020833
2 0.670312 0.358333 0.046875 0.025000
2 0.290625 0.387500 0.059375 0.020833
2 0.362500 0.384375 0.062500 0.022917
2 0.410156 0.382292 0.042188 0.027083
2 0.498437 0.373958 0.018750 0.018750
0 0.439063 0.503125 0.015625 0.043750
0 0.110937 0.489583 0.031250 0.079167
0 0.949219 0.498958 0.029687 0.056250
0 0.600781 0.490625 0.039062 0.102083
2 0.543750 0.372917 0.043750 0.025000
2 0.211719 0.393750 0.064062 0.029167
2 0.473438 0.371875 0.018750 0.018750
2 0.866406 0.364583 0.073438 0.041667
0 0.878125 0.519792 0.081250 0.239583
0 0.388281 0.496875 0.089063 0.193750
0 0.849219 0.484375 0.067187 0.118750
0 0.481250 0.485417 0.959375 0.116667
