2 0.772917 0.738281 0.137500 0.067187
2 0.613542 0.732031 0.093750 0.054688
2 0.967708 0.742969 0.060417 0.098437
2 0.558333 0.734375 0.070833 0.043750
2 0.421875 0.727344 0.039583 0.035937
2 0.677083 0.737500 0.095833 0.050000
2 0.375000 0.728125 0.045833 0.028125
2 0.521875 0.732031 0.064583 0.042188
2 0.342708 0.725000 0.035417 0.028125
2 0.133333 0.725000 0.037500 0.021875
2 0.281250 0.725000 0.033333 0.028125
3 0.820833 0.743750 0.087500 0.065625
2 0.016667 0.724219 0.033333 0.023438
3 0.892708 0.749219 0.089583 0.054688
