1 0.858879 0.592969 0.282243 0.245312
0 0.376636 0.437500 0.072897 0.159375
0 0.520561 0.430469 0.057944 0.114062
1 0.251402 0.463281 0.076636 0.129688
1 0.796262 0.452344 0.257944 0.110937
1 0.810280 0.493750 0.267290 0.203125
1 0.674766 0.439063 0.063551 0.021875
1 0.306542 0.468750 0.100935 0.115625
1 0.031776 0.578125 0.063551 0.100000
1 0.906542 0.403906 0.108411 0.051562
1 0.628972 0.751563 0.742056 0.496875
1 0.414019 0.456250 0.057944 0.075000
1 0.912150 0.897656 0.175701 0.179688
1 0.539252 0.648438 0.252336 0.246875
1 0.716822 0.504687 0.562617 0.281250
