1 0.285938 0.834895 0.043750 0.128806
2 0.870313 0.695550 0.259375 0.285714
4 0.642969 0.311475 0.204687 0.281030
2 0.440625 0.336066 0.053125 0.081967
2 0.478125 0.361827 0.068750 0.072600
2 0.644531 0.803279 0.701562 0.355972
2 0.417187 0.324356 0.015625 0.053864
2 0.414844 0.313817 0.020313 0.042155
0 0.129688 0.556206 0.028125 0.081967
0 0.039844 0.829040 0.067187 0.341920
0 0.307031 0.724824 0.110937 0.311475
0 0.068750 0.601874 0.043750 0.098361
0 0.100000 0.559719 0.046875 0.103044
0 0.155469 0.619438 0.051562 0.161593
0 0.154688 0.509368 0.050000 0.114754
0 0.170313 0.447307 0.028125 0.112412
0 0.067969 0.755269 0.048438 0.306792
0 0.229687 0.485948 0.028125 0.119438
0 0.017969 0.605386 0.035937 0.114754
0 0.308594 0.385246 0.026562 0.105386
4 0.506250 0.266979 0.071875 0.187354
5 0.359375 0.291569 0.053125 0.091335
0 0.019531 0.696721 0.039062 0.170960
2 0.467969 0.291569 0.010937 0.025761
2 0.460156 0.284543 0.010937 0.021077
0 0.481250 0.502342 0.959375 0.620609
