2 0.682635 0.717000 0.023952 0.018000
2 0.555389 0.713000 0.032934 0.018000
2 0.681138 0.676000 0.026946 0.016000
2 0.643713 0.679000 0.023952 0.014000
2 0.742515 0.599000 0.029940 0.010000
2 0.717066 0.582000 0.026946 0.012000
4 0.751497 0.653000 0.029940 0.026000
5 0.583832 0.751000 0.059880 0.034000
5 0.755988 0.648000 0.038922 0.028000
5 0.775449 0.620000 0.023952 0.024000
5 0.764970 0.728000 0.038922 0.024000
2 0.567365 0.703000 0.032934 0.022000
2 0.744012 0.690000 0.032934 0.016000
2 0.782934 0.589000 0.020958 0.014000
2 0.658683 0.677000 0.023952 0.014000
2 0.687126 0.647000 0.020958 0.010000
2 0.712575 0.613000 0.263473 0.166000
