4 0.310156 0.528125 0.217188 0.235417
4 0.662500 0.518750 0.493750 0.358333
4 0.082031 0.525000 0.095312 0.133333
0 0.029687 0.769792 0.059375 0.456250
0 0.976562 0.640625 0.046875 0.227083
0 0.964063 0.562500 0.037500 0.108333
0 0.920312 0.596875 0.037500 0.185417
0 0.825781 0.553125 0.035937 0.106250
0 0.857812 0.538542 0.037500 0.072917
0 0.960938 0.539583 0.021875 0.066667
0 0.289844 0.504167 0.032813 0.041667
0 0.174219 0.537500 0.020313 0.058333
0 0.528906 0.523958 0.017188 0.043750
4 0.136719 0.514583 0.017188 0.091667
