2 0.395313 0.071429 0.143750 0.104478
0 0.885156 0.182303 0.073438 0.142857
0 0.548438 0.586354 0.278125 0.648188
0 0.816406 0.292111 0.092188 0.307036
0 0.631250 0.242004 0.200000 0.441365
0 0.426563 0.270789 0.121875 0.230277
0 0.387500 0.185501 0.143750 0.341151
0 0.192188 0.300640 0.140625 0.315565
0 0.717969 0.609808 0.285938 0.652452
0 0.358594 0.579957 0.304688 0.750533
0 0.864844 0.348614 0.201563 0.240938
0 0.119531 0.142857 0.104688 0.251599
0 0.218750 0.149254 0.109375 0.251599
0 0.039062 0.304904 0.053125 0.247335
0 0.562500 0.383795 0.871875 0.767591
