2 0.139844 0.636086 0.026562 0.036697
2 0.128125 0.587156 0.025000 0.030581
2 0.089063 0.582569 0.025000 0.033639
4 0.744531 0.704893 0.164062 0.125382
4 0.515625 0.845566 0.187500 0.266055
4 0.092969 0.853211 0.070312 0.256881
4 0.048438 0.724771 0.096875 0.140673
4 0.011719 0.844037 0.023438 0.201835
0 0.248438 0.963303 0.021875 0.067278
0 0.163281 0.851682 0.014063 0.064220
0 0.049219 0.854740 0.014063 0.064220
0 0.088281 0.652905 0.007812 0.027523
0 0.096094 0.649847 0.007812 0.039755
0 0.104688 0.646789 0.006250 0.039755
0 0.708594 0.732416 0.014063 0.039755
0 0.578125 0.700306 0.006250 0.036697
5 0.464844 0.605505 0.054688 0.067278
0 0.586719 0.701835 0.010937 0.039755
0 0.426563 0.648318 0.009375 0.042813
2 0.162500 0.582569 0.015625 0.033639
3 0.250000 0.981651 0.012500 0.030581
5 0.571875 0.645260 0.109375 0.079511
5 0.890625 0.845566 0.181250 0.162080
5 0.236719 0.553517 0.048438 0.061162
0 0.118750 0.510703 0.003125 0.024465
3 0.709375 0.747706 0.028125 0.039755
3 0.585156 0.721713 0.020313 0.024465
0 0.216406 0.596330 0.004687 0.024465
0 0.420312 0.701835 0.100000 0.192661
