3 0.528302 0.583594 0.929245 0.660937
0 0.586085 0.396094 0.634434 0.664062
0 0.397406 0.212500 0.120283 0.203125
0 0.892689 0.186719 0.191038 0.373437
0 0.702830 0.060156 0.066038 0.060937
0 0.479953 0.139844 0.134434 0.201563
0 0.257075 0.216406 0.183962 0.320312
0 0.107311 0.205469 0.209906 0.314063
0 0.193396 0.060156 0.080189 0.120313
0 0.853774 0.370312 0.264151 0.559375
0 0.950472 0.212500 0.099057 0.425000
0 0.501179 0.096094 0.058962 0.054688
0 0.366745 0.111719 0.101415 0.092188
0 0.175708 0.382812 0.143868 0.118750
0 0.428066 0.348438 0.856132 0.650000
