0 0.698438 0.520833 0.350000 0.904167
0 0.289844 0.158333 0.026562 0.158333
0 0.227344 0.148958 0.032813 0.114583
0 0.250000 0.163542 0.018750 0.081250
0 0.781250 0.506250 0.125000 0.637500
0 0.131250 0.152083 0.040625 0.166667
1 0.525781 0.213542 0.085938 0.035417
1 0.404687 0.216667 0.109375 0.045833
2 0.558594 0.085417 0.035937 0.033333
2 0.220312 0.075000 0.031250 0.033333
2 0.319531 0.075000 0.035937 0.037500
2 0.360156 0.078125 0.017188 0.031250
0 0.098437 0.157292 0.031250 0.152083
2 0.059375 0.068750 0.043750 0.033333
2 0.128125 0.069792 0.031250 0.043750
2 0.603906 0.085417 0.032813 0.033333
2 0.011719 0.066667 0.023438 0.037500
2 0.347656 0.070833 0.026562 0.029167
2 0.521875 0.039583 0.031250 0.029167
2 0.545312 0.029167 0.021875 0.025000
2 0.567187 0.034375 0.028125 0.031250
2 0.554688 0.071875 0.071875 0.039583
0 0.206250 0.410417 0.259375 0.562500
2 0.619531 0.055208 0.639062 0.102083
