1 0.753906 0.453125 0.032813 0.102083
1 0.075781 0.400000 0.054688 0.079167
1 0.858594 0.592708 0.110937 0.193750
1 0.277344 0.518750 0.135937 0.220833
2 0.416406 0.396875 0.139063 0.127083
2 0.104688 0.358333 0.171875 0.137500
0 0.706250 0.459375 0.243750 0.681250
0 0.281250 0.416667 0.112500 0.337500
0 0.869531 0.413542 0.101562 0.322917
0 0.077344 0.352083 0.051562 0.133333
2 0.018750 0.334375 0.037500 0.110417
5 0.551562 0.368750 0.150000 0.200000
0 0.932813 0.468750 0.131250 0.475000
1 0.221875 0.402083 0.021875 0.100000
0 0.013281 0.420833 0.020313 0.275000
1 0.921094 0.613542 0.157812 0.327083
