1 0.593677 0.878906 0.049180 0.064062
2 0.475410 0.880469 0.107728 0.067187
0 0.303279 0.854688 0.025761 0.053125
0 0.257611 0.847656 0.023419 0.045312
0 0.234192 0.850781 0.028103 0.042188
0 0.214286 0.845313 0.021077 0.043750
0 0.121780 0.828125 0.018735 0.021875
0 0.326698 0.861719 0.035129 0.073438
0 0.549180 0.865625 0.039813 0.062500
0 0.978923 0.873437 0.042155 0.100000
0 0.139344 0.841406 0.021077 0.042188
0 0.083138 0.838281 0.021077 0.039062
0 0.059719 0.838281 0.016393 0.039062
0 0.277518 0.850000 0.016393 0.043750
2 0.019906 0.845313 0.039813 0.043750
0 0.031616 0.829688 0.016393 0.021875
0 0.182670 0.831250 0.182670 0.078125
