1 0.915625 0.626464 0.143750 0.170960
0 0.777344 0.585480 0.045312 0.210773
0 0.292969 0.581967 0.054688 0.264637
0 0.371094 0.585480 0.067187 0.276347
0 0.170313 0.581967 0.059375 0.288056
0 0.064844 0.583138 0.070312 0.370023
0 0.123438 0.587822 0.046875 0.234192
0 0.817187 0.584309 0.046875 0.241218
0 0.985938 0.578454 0.028125 0.271663
1 0.328906 0.619438 0.048438 0.096019
0 0.582812 0.508197 0.050000 0.079625
0 0.209375 0.590164 0.040625 0.248244
0 0.243750 0.587822 0.034375 0.182670
0 0.897656 0.576112 0.089063 0.224824
1 0.194531 0.661593 0.045312 0.067916
0 0.664062 0.584309 0.025000 0.114754
0 0.539844 0.583138 0.442188 0.173302
