2 0.434375 0.917708 0.234375 0.139583
4 0.474219 0.606250 0.242188 0.391667
4 0.738281 0.621875 0.410938 0.406250
2 0.100000 0.272917 0.025000 0.045833
4 0.151562 0.292708 0.087500 0.156250
4 0.560156 0.157292 0.170313 0.068750
4 0.326562 0.346875 0.228125 0.197917
4 0.061719 0.193750 0.070312 0.104167
5 0.047656 0.332292 0.076563 0.147917
0 0.489063 0.333333 0.015625 0.037500
0 0.479687 0.347917 0.018750 0.045833
0 0.489063 0.371875 0.021875 0.047917
0 0.550781 0.384375 0.023438 0.072917
0 0.509375 0.363542 0.018750 0.052083
0 0.540625 0.407292 0.021875 0.031250
0 0.593750 0.405208 0.018750 0.031250
0 0.613281 0.409375 0.017188 0.022917
2 0.014063 0.156250 0.028125 0.029167
5 0.701562 0.163542 0.068750 0.047917
5 0.830469 0.089583 0.076563 0.033333
0 0.503906 0.412500 0.026562 0.050000
0 0.492969 0.393750 0.023438 0.037500
0 0.617969 0.408333 0.004687 0.012500
0 0.442188 0.645833 0.046875 0.058333
2 0.077344 0.244792 0.054688 0.072917
2 0.178125 0.535417 0.109375 0.133333
4 0.207813 0.167708 0.203125 0.097917
0 0.443750 0.356250 0.015625 0.070833
