1 0.239844 0.851415 0.151562 0.240566
6 0.457031 0.534198 0.032813 0.073113
0 0.223438 0.731132 0.128125 0.433962
0 0.987500 0.570755 0.025000 0.174528
0 0.128906 0.608491 0.035937 0.150943
0 0.925000 0.580189 0.037500 0.122642
2 0.428125 0.549528 0.018750 0.023585
0 0.839844 0.576651 0.042188 0.134434
0 0.055469 0.604953 0.035937 0.125000
0 0.610938 0.555425 0.012500 0.049528
0 0.584375 0.557783 0.012500 0.058962
0 0.326562 0.560142 0.012500 0.049528
0 0.175781 0.554245 0.017188 0.033019
0 0.302344 0.563679 0.010937 0.047170
0 0.599219 0.554245 0.014063 0.056604
0 0.617188 0.566038 0.003125 0.033019
0 0.512500 0.704009 0.962500 0.450472
