1 0.153125 0.760486 0.043750 0.125828
2 0.036719 0.714128 0.073438 0.174393
2 0.234375 0.622517 0.018750 0.022075
4 0.474219 0.576159 0.423438 0.547461
4 0.071094 0.608168 0.135937 0.174393
0 0.162500 0.720751 0.056250 0.139073
0 0.766406 0.634658 0.014063 0.059603
2 0.275781 0.634658 0.026562 0.037528
1 0.181250 0.673289 0.021875 0.039735
0 0.817187 0.623620 0.012500 0.019868
2 0.206250 0.629139 0.025000 0.022075
2 0.214844 0.610375 0.020313 0.019868
2 0.840625 0.653422 0.134375 0.114790
2 0.190625 0.633554 0.043750 0.030905
2 0.706250 0.623620 0.034375 0.050773
3 0.200000 0.662252 0.025000 0.030905
3 0.257031 0.636865 0.007812 0.011038
0 0.405469 0.561810 0.067187 0.099338
0 0.862500 0.607064 0.018750 0.030905
