3 0.638281 0.680162 0.198437 0.198381
3 0.782813 0.678138 0.156250 0.182186
0 0.410156 0.522267 0.082812 0.182186
0 0.493750 0.545547 0.078125 0.155870
0 0.636719 0.539474 0.073438 0.147773
0 0.327344 0.535425 0.067187 0.135628
3 0.357812 0.695344 0.190625 0.188259
3 0.082031 0.702429 0.139063 0.182186
0 0.924219 0.517206 0.029687 0.070850
1 0.725781 0.525304 0.054688 0.135628
1 0.527344 0.529352 0.051562 0.131579
3 0.225781 0.702429 0.167187 0.190283
3 0.914062 0.673077 0.150000 0.184211
3 0.489844 0.641700 0.139063 0.153846
