1 0.531000 0.450667 0.026000 0.042667
2 0.312000 0.485333 0.176000 0.144000
4 0.934000 0.410667 0.100000 0.096000
4 0.699000 0.392000 0.034000 0.048000
0 0.755000 0.398667 0.006000 0.013333
0 0.822000 0.418667 0.008000 0.037333
2 0.407000 0.457333 0.086000 0.114667
2 0.205000 0.426667 0.078000 0.080000
0 0.692000 0.404000 0.008000 0.018667
0 0.658000 0.416000 0.012000 0.042667
3 0.674000 0.430667 0.012000 0.018667
5 0.874000 0.402667 0.036000 0.074667
5 0.566000 0.420000 0.052000 0.072000
0 0.677000 0.414667 0.014000 0.040000
1 0.718000 0.414667 0.004000 0.018667
2 0.826000 0.402667 0.036000 0.021333
0 0.718000 0.402667 0.008000 0.021333
0 0.537000 0.425333 0.014000 0.050667
0 0.746000 0.396000 0.008000 0.013333
3 0.755000 0.410667 0.014000 0.021333
3 0.745000 0.406667 0.006000 0.013333
5 0.611000 0.393333 0.066000 0.093333
0 0.740000 0.404000 0.012000 0.018667
5 0.701000 0.393333 0.038000 0.045333
0 0.831000 0.417333 0.010000 0.034667
0 0.613000 0.429333 0.014000 0.064000
2 0.847000 0.417333 0.014000 0.034667
