0 0.591406 0.545833 0.007812 0.041667
0 0.678125 0.580208 0.009375 0.018750
5 0.414844 0.582292 0.045312 0.068750
5 0.338281 0.594792 0.073438 0.047917
5 0.114844 0.546875 0.085938 0.039583
5 0.252344 0.593750 0.054688 0.050000
5 0.485938 0.588542 0.075000 0.052083
5 0.585938 0.593750 0.050000 0.041667
5 0.707031 0.592708 0.064062 0.043750
5 0.650000 0.558333 0.081250 0.041667
5 0.971094 0.667708 0.057813 0.060417
5 0.893750 0.550000 0.037500 0.029167
5 0.748437 0.553125 0.071875 0.047917
5 0.962500 0.572917 0.075000 0.075000
5 0.068750 0.482292 0.040625 0.027083
