2 0.507031 0.734722 0.126562 0.069444
2 0.114062 0.731944 0.031250 0.025000
2 0.360156 0.729167 0.042188 0.025000
2 0.112500 0.748611 0.018750 0.025000
2 0.018750 0.737500 0.025000 0.013889
0 0.600000 0.744444 0.062500 0.283333
0 0.503906 0.681944 0.023438 0.041667
0 0.477344 0.729167 0.026562 0.080556
0 0.298438 0.726389 0.006250 0.030556
5 0.408594 0.729167 0.042188 0.030556
5 0.066406 0.736111 0.026562 0.022222
5 0.114062 0.738889 0.031250 0.038889
0 0.957812 0.719444 0.006250 0.038889
0 0.304688 0.734722 0.006250 0.013889
0 0.966406 0.726389 0.004687 0.025000
0 0.332813 0.731944 0.006250 0.019444
2 0.150000 0.730556 0.021875 0.022222
5 0.235156 0.729167 0.039062 0.025000
2 0.633594 0.730556 0.020313 0.033333
2 0.576562 0.734722 0.012500 0.019444
