2 0.776347 0.398438 0.156909 0.050000
4 0.201405 0.386719 0.402810 0.179688
0 0.922717 0.446875 0.154567 0.284375
0 0.331382 0.442969 0.105386 0.207813
0 0.400468 0.437500 0.079625 0.184375
0 0.206089 0.431250 0.079625 0.178125
0 0.160422 0.451562 0.086651 0.178125
0 0.783372 0.465625 0.142857 0.265625
0 0.688525 0.415625 0.060890 0.109375
0 0.884075 0.438281 0.072600 0.257812
0 0.030445 0.428906 0.060890 0.173437
0 0.564403 0.575781 0.341920 0.676562
0 0.074941 0.407813 0.032787 0.037500
1 0.181499 0.473438 0.170960 0.062500
1 0.293911 0.490625 0.025761 0.034375
3 0.090164 0.454688 0.096019 0.115625
