4 0.500000 0.471897 1.000000 0.906323
0 0.380469 0.120609 0.035937 0.119438
0 0.159375 0.088993 0.018750 0.051522
0 0.246094 0.105386 0.054688 0.107728
0 0.306250 0.542155 0.021875 0.067916
0 0.896875 0.348946 0.115625 0.154567
0 0.079687 0.209602 0.046875 0.142857
2 0.900781 0.937939 0.198437 0.124122
0 0.159375 0.174473 0.037500 0.077283
0 0.272656 0.196721 0.048438 0.051522
0 0.034375 0.218970 0.025000 0.124122
0 0.357812 0.094848 0.018750 0.100703
0 0.383594 0.485948 0.020313 0.049180
0 0.525000 0.421546 0.018750 0.051522
