2 0.214583 0.567187 0.025000 0.009375
2 0.086458 0.562500 0.022917 0.018750
2 0.026042 0.567187 0.052083 0.028125
0 0.733333 0.605469 0.041667 0.054688
2 0.935417 0.596875 0.045833 0.021875
2 0.243750 0.566406 0.020833 0.010937
2 0.646875 0.586719 0.064583 0.017188
2 0.136458 0.571094 0.022917 0.020313
0 0.984375 0.601562 0.014583 0.046875
2 0.631250 0.577344 0.066667 0.020313
2 0.426042 0.570312 0.014583 0.009375
2 0.296875 0.565625 0.022917 0.009375
0 0.972917 0.600000 0.016667 0.043750
2 0.390625 0.571875 0.018750 0.012500
