2 0.131250 0.053066 0.262500 0.106132
0 0.700781 0.362028 0.142187 0.563679
0 0.674219 0.491745 0.248438 0.176887
0 0.385156 0.275943 0.073438 0.372642
2 0.445312 0.043632 0.381250 0.087264
0 0.144531 0.265330 0.070312 0.337264
0 0.056250 0.270047 0.078125 0.365566
0 0.766406 0.252358 0.079687 0.349057
0 0.907813 0.258255 0.068750 0.313679
0 0.635156 0.257075 0.076563 0.358491
0 0.572656 0.379717 0.160938 0.382075
0 0.308594 0.290094 0.076563 0.349057
0 0.232031 0.273585 0.101562 0.363208
0 0.977344 0.264151 0.045312 0.334906
0 0.286719 0.149764 0.042188 0.096698
0 0.596875 0.430425 0.803125 0.856132
