1 0.628906 0.750000 0.026562 0.092593
1 0.167969 0.775463 0.026562 0.134259
2 0.888281 0.782407 0.126562 0.222222
2 0.771094 0.569444 0.054688 0.074074
2 0.924219 0.571759 0.048438 0.069444
2 0.899219 0.560185 0.029687 0.055556
0 0.424219 0.553241 0.010937 0.060185
0 0.436719 0.569444 0.010937 0.092593
0 0.478906 0.548611 0.004687 0.069444
0 0.482812 0.553241 0.006250 0.060185
1 0.542969 0.828704 0.032813 0.212963
5 0.746094 0.511574 0.054688 0.069444
1 0.510938 0.803241 0.034375 0.180556
1 0.212500 0.789352 0.037500 0.115741
1 0.518750 0.856481 0.015625 0.129630
1 0.348438 0.724537 0.053125 0.125000
1 0.188281 0.787037 0.023438 0.092593
1 0.146875 0.763889 0.021875 0.101852
1 0.485156 0.828704 0.017188 0.101852
1 0.460156 0.782407 0.032813 0.101852
1 0.567187 0.807870 0.021875 0.162037
2 0.945312 0.861111 0.109375 0.277778
2 0.782813 0.604167 0.065625 0.078704
2 0.818750 0.513889 0.034375 0.027778
2 0.756250 0.553241 0.031250 0.050926
2 0.943750 0.587963 0.031250 0.055556
5 0.973437 0.592593 0.053125 0.074074
5 0.797656 0.500000 0.032813 0.037037
0 0.466406 0.569444 0.004687 0.092593
0 0.661719 0.569444 0.004687 0.037037
1 0.490625 0.733796 0.034375 0.106481
2 0.725000 0.509259 0.031250 0.037037
5 0.770312 0.569444 0.053125 0.074074
5 0.879687 0.548611 0.040625 0.060185
1 0.368750 0.638889 0.559375 0.342593
