0 0.613281 0.772196 0.014063 0.030374
0 0.535156 0.753505 0.010937 0.030374
0 0.525000 0.752336 0.009375 0.032710
0 0.638281 0.774533 0.023438 0.030374
0 0.878906 0.762850 0.010937 0.044393
0 0.844531 0.753505 0.007812 0.035047
2 0.442188 0.733645 0.015625 0.014019
2 0.493750 0.744159 0.015625 0.011682
2 0.467187 0.742991 0.012500 0.009346
2 0.414844 0.758178 0.029687 0.016355
0 0.434375 0.776869 0.012500 0.030374
0 0.853906 0.759346 0.007812 0.037383
0 0.918750 0.761682 0.006250 0.023364
0 0.393750 0.765187 0.009375 0.053738
0 0.370312 0.764019 0.012500 0.056075
0 0.349219 0.762850 0.010937 0.063084
0 0.521094 0.764019 0.717187 0.079439
