0 0.396875 0.326562 0.018750 0.062500
0 0.575000 0.383594 0.078125 0.189062
0 0.479687 0.342969 0.031250 0.070312
0 0.434375 0.355469 0.040625 0.110937
0 0.342969 0.352344 0.048438 0.129688
0 0.696875 0.352344 0.053125 0.139063
0 0.385156 0.360938 0.029687 0.131250
0 0.525781 0.372656 0.039062 0.098437
0 0.899219 0.353125 0.042188 0.071875
0 0.957031 0.355469 0.085938 0.079687
0 0.882812 0.387500 0.106250 0.118750
1 0.028906 0.468750 0.057813 0.075000
1 0.015625 0.430469 0.031250 0.070312
0 0.409375 0.329688 0.015625 0.059375
0 0.980469 0.330469 0.020313 0.032813
