6 0.732292 0.600781 0.427083 0.773438
0 0.432292 0.471094 0.027083 0.064062
0 0.451042 0.460156 0.031250 0.064062
0 0.303125 0.602344 0.043750 0.089063
0 0.266667 0.596875 0.041667 0.093750
0 0.341667 0.378906 0.016667 0.045312
0 0.785417 0.522656 0.041667 0.092188
0 0.733333 0.382031 0.029167 0.048438
0 0.712500 0.367969 0.020833 0.048438
0 0.695833 0.325781 0.020833 0.035937
0 0.757292 0.403125 0.027083 0.053125
0 0.910417 0.440625 0.045833 0.065625
0 0.796875 0.403906 0.027083 0.039062
0 0.710417 0.335156 0.012500 0.017188
6 0.762500 0.175000 0.070833 0.018750
0 0.636458 0.265625 0.014583 0.037500
