1 0.892969 0.660417 0.139063 0.158333
0 0.039062 0.582292 0.078125 0.272917
0 0.731250 0.584375 0.087500 0.260417
0 0.790625 0.601042 0.068750 0.277083
0 0.965625 0.647917 0.050000 0.158333
0 0.217188 0.470833 0.028125 0.041667
0 0.303906 0.471875 0.014063 0.039583
0 0.528906 0.528125 0.020313 0.047917
0 0.584375 0.528125 0.021875 0.043750
0 0.547656 0.533333 0.023438 0.050000
0 0.276562 0.475000 0.031250 0.033333
0 0.676562 0.616667 0.056250 0.158333
0 0.233594 0.478125 0.017188 0.022917
1 0.715625 0.643750 0.115625 0.162500
