2 0.278689 0.196094 0.163934 0.110937
3 0.518735 0.689063 0.302108 0.346875
5 0.098361 0.124219 0.187354 0.242188
0 0.535129 0.486719 0.466042 0.670312
0 0.230679 0.529687 0.391101 0.700000
0 0.823185 0.542188 0.288056 0.690625
0 0.129977 0.380469 0.156909 0.267188
0 0.659251 0.201563 0.077283 0.134375
0 0.377049 0.184375 0.121780 0.137500
0 0.618267 0.150781 0.042155 0.042188
2 0.248244 0.139844 0.121780 0.067187
2 0.353630 0.132031 0.046838 0.020313
5 0.257611 0.139844 0.140515 0.067187
0 0.553864 0.146875 0.072600 0.043750
0 0.511710 0.136719 0.039813 0.032813
0 0.456674 0.155469 0.060890 0.060937
0 0.685012 0.153906 0.035129 0.067187
0 0.473068 0.132812 0.028103 0.037500
2 0.688525 0.144531 0.121780 0.085938
2 0.770492 0.135156 0.018735 0.023438
2 0.409836 0.135937 0.046838 0.031250
3 0.377049 0.221094 0.093677 0.114062
3 0.597190 0.214844 0.079625 0.101562
