6 0.884375 0.613911 0.225000 0.183468
6 0.648438 0.467742 0.359375 0.076613
0 0.587500 0.957661 0.034375 0.080645
0 0.550781 0.939516 0.020313 0.084677
0 0.527344 0.943548 0.020313 0.088710
0 0.452344 0.768145 0.017188 0.048387
0 0.412500 0.770161 0.015625 0.056452
0 0.388281 0.770161 0.020313 0.064516
0 0.228906 0.654234 0.014063 0.050403
0 0.212500 0.655242 0.015625 0.052419
0 0.221875 0.591734 0.015625 0.046371
0 0.175781 0.540323 0.014063 0.036290
0 0.166406 0.529234 0.007812 0.038306
0 0.307812 0.688508 0.012500 0.050403
0 0.185938 0.607863 0.015625 0.050403
0 0.189844 0.543347 0.010937 0.046371
0 0.080469 0.785282 0.026562 0.046371
0 0.039844 0.582661 0.010937 0.032258
0 0.392969 0.867944 0.020313 0.074597
6 0.750000 0.819556 0.500000 0.336694
6 0.694531 0.680444 0.242188 0.151210
6 0.388281 0.436492 0.192188 0.127016
2 0.117188 0.606855 0.043750 0.064516
2 0.154688 0.718750 0.062500 0.090726
2 0.020313 0.398185 0.015625 0.022177
2 0.174219 0.868952 0.070312 0.104839
6 0.324219 0.519153 0.064062 0.094758
0 0.430469 0.670363 0.851562 0.655242
