1 0.407813 0.766667 0.353125 0.229167
2 0.770312 0.459375 0.053125 0.064583
2 0.081250 0.464583 0.059375 0.062500
2 0.611719 0.443750 0.082812 0.020833
3 0.621875 0.535417 0.306250 0.275000
1 0.049219 0.490625 0.048438 0.035417
0 0.973437 0.446875 0.053125 0.156250
0 0.466406 0.468750 0.045312 0.133333
0 0.421094 0.455208 0.020313 0.072917
0 0.621875 0.531250 0.118750 0.295833
0 0.889844 0.673958 0.220312 0.618750
0 0.367188 0.590625 0.146875 0.468750
0 0.500000 0.445833 0.018750 0.058333
0 0.820312 0.472917 0.084375 0.254167
2 0.014844 0.503125 0.029687 0.218750
2 0.060156 0.437500 0.101562 0.054167
0 0.047656 0.468750 0.029687 0.087500
5 0.488281 0.440625 0.123438 0.060417
