1 0.666406 0.774005 0.082812 0.166276
2 0.301563 0.754098 0.415625 0.243560
2 0.851562 0.706089 0.296875 0.316159
2 0.889844 0.614754 0.123438 0.105386
2 0.030469 0.750585 0.060937 0.119438
2 0.720313 0.605386 0.040625 0.058548
4 0.475000 0.570258 0.368750 0.419204
0 0.228125 0.734192 0.162500 0.381733
0 0.549219 0.715457 0.107813 0.348946
0 0.664844 0.679157 0.085938 0.304450
0 0.815625 0.599532 0.084375 0.168618
0 0.742969 0.629977 0.035937 0.131148
0 0.114062 0.717799 0.043750 0.124122
0 0.585938 0.552693 0.046875 0.056206
0 0.303906 0.704918 0.039062 0.070258
0 0.375781 0.693208 0.060937 0.065574
1 0.154688 0.895785 0.309375 0.208431
1 0.743750 0.667447 0.012500 0.060890
1 0.117969 0.734192 0.032813 0.077283
2 0.751563 0.624122 0.050000 0.067916
2 0.139063 0.731850 0.028125 0.086651
2 0.695312 0.632319 0.040625 0.074941
0 0.914062 0.555035 0.015625 0.023419
1 0.839844 0.644028 0.035937 0.046838
4 0.827344 0.560890 0.026562 0.039813
1 0.550781 0.800937 0.126562 0.257611
