4 0.895312 0.799363 0.203125 0.108280
0 0.355469 0.795117 0.117188 0.316348
0 0.791406 0.837580 0.039062 0.116773
0 0.125781 0.696391 0.076563 0.089172
0 0.765625 0.791932 0.021875 0.055202
0 0.721875 0.796178 0.040625 0.038217
0 0.622656 0.812102 0.023438 0.053079
0 0.578906 0.818471 0.023438 0.040340
0 0.942969 0.819533 0.020313 0.050955
1 0.768750 0.956476 0.287500 0.087049
1 0.775000 0.852442 0.100000 0.061571
1 0.835938 0.898089 0.118750 0.089172
1 0.831250 0.859873 0.056250 0.025478
1 0.770312 0.918259 0.090625 0.082803
