3 0.324219 0.839583 0.535937 0.320833
3 0.760156 0.818750 0.192188 0.220833
3 0.793750 0.772917 0.171875 0.187500
3 0.800781 0.745833 0.160938 0.191667
3 0.610938 0.731250 0.178125 0.166667
2 0.919531 0.687500 0.079687 0.087500
2 0.510156 0.700000 0.142187 0.104167
3 0.840625 0.737500 0.140625 0.170833
2 0.612500 0.678125 0.121875 0.097917
2 0.694531 0.673958 0.064062 0.064583
2 0.853125 0.654167 0.034375 0.033333
2 0.881250 0.646875 0.031250 0.035417
2 0.956250 0.678125 0.031250 0.072917
2 0.903906 0.636458 0.026562 0.018750
2 0.815625 0.656250 0.053125 0.045833
2 0.960938 0.657292 0.040625 0.072917
3 0.575000 0.835417 0.315625 0.287500
