0 0.917603 0.482500 0.164794 0.315000
0 0.102996 0.540000 0.205993 0.460000
0 0.041199 0.590000 0.074906 0.455000
0 0.102996 0.380000 0.123596 0.170000
0 0.406367 0.416250 0.071161 0.127500
0 0.475655 0.405000 0.052434 0.105000
0 0.513109 0.405000 0.044944 0.100000
3 0.260300 0.508750 0.153558 0.162500
0 0.574906 0.407500 0.086142 0.145000
0 0.440075 0.407500 0.033708 0.095000
0 0.719101 0.375000 0.044944 0.055000
0 0.331461 0.416250 0.093633 0.092500
0 0.646067 0.373750 0.063670 0.032500
0 0.406367 0.433750 0.056180 0.147500
