3 0.650897 0.786719 0.551387 0.398438
3 0.704731 0.564844 0.234910 0.232813
0 0.296085 0.673438 0.419250 0.640625
0 0.802610 0.440625 0.094617 0.140625
0 0.700653 0.532031 0.119086 0.195312
0 0.590538 0.497656 0.088091 0.195312
0 0.916803 0.521094 0.120718 0.220312
0 0.327080 0.471094 0.021207 0.048438
0 0.318108 0.232031 0.280587 0.439063
0 0.854812 0.521875 0.091354 0.178125
0 0.435563 0.493750 0.075041 0.184375
0 0.061990 0.478906 0.048940 0.132812
0 0.939641 0.435937 0.029364 0.043750
3 0.888254 0.617188 0.096248 0.112500
0 0.110930 0.471875 0.045677 0.134375
0 0.673736 0.458594 0.045677 0.104688
0 0.437194 0.450000 0.639478 0.112500
