1 0.527344 0.754167 0.042188 0.187500
2 0.131250 0.686458 0.262500 0.289583
4 0.314844 0.527083 0.439063 0.475000
0 0.938281 0.690625 0.110937 0.393750
0 0.523438 0.630208 0.062500 0.285417
0 0.595313 0.652083 0.068750 0.270833
0 0.797656 0.606250 0.039062 0.137500
2 0.735156 0.578125 0.073438 0.089583
2 0.757812 0.551042 0.062500 0.102083
0 0.987500 0.632292 0.025000 0.193750
2 0.630469 0.603125 0.032813 0.106250
2 0.662500 0.596875 0.075000 0.093750
2 0.692969 0.582292 0.070312 0.077083
4 0.759375 0.542708 0.065625 0.122917
0 0.967969 0.547917 0.020313 0.033333
2 0.614844 0.610417 0.039062 0.129167
2 0.842187 0.543750 0.025000 0.045833
2 0.821875 0.536458 0.018750 0.047917
1 0.587500 0.750000 0.037500 0.141667
