0 0.548438 0.521991 0.325000 0.719907
0 0.301563 0.579861 0.046875 0.131944
0 0.151562 0.612269 0.028125 0.081019
0 0.821875 0.391204 0.028125 0.083333
0 0.885938 0.363426 0.025000 0.087963
0 0.924219 0.359954 0.026562 0.099537
0 0.785937 0.390046 0.012500 0.034722
0 0.806250 0.407407 0.015625 0.023148
0 0.707031 0.421296 0.020313 0.069444
0 0.836719 0.379630 0.007812 0.037037
0 0.725000 0.429398 0.015625 0.043981
1 0.158594 0.631944 0.054688 0.050926
1 0.758594 0.414352 0.026562 0.027778
0 0.164062 0.567130 0.003125 0.023148
0 0.852344 0.376157 0.007812 0.034722
0 0.666406 0.418981 0.664062 0.259259
