2 0.302344 0.659251 0.076563 0.072600
2 0.374219 0.660422 0.070312 0.079625
4 0.046875 0.588993 0.093750 0.096019
0 0.189062 0.701405 0.050000 0.259953
0 0.239063 0.652225 0.018750 0.086651
0 0.259375 0.641686 0.028125 0.107728
0 0.061719 0.645199 0.017188 0.063232
0 0.037500 0.639344 0.012500 0.079625
0 0.076563 0.640515 0.021875 0.072600
0 0.667188 0.607728 0.015625 0.025761
0 0.564844 0.662763 0.023438 0.046838
0 0.628125 0.632319 0.025000 0.074941
2 0.792188 0.549180 0.043750 0.049180
2 0.828906 0.552693 0.048438 0.051522
2 0.936719 0.697892 0.051562 0.079625
2 0.692969 0.621780 0.039062 0.067916
2 0.821875 0.637002 0.096875 0.084309
0 0.217188 0.663934 0.037500 0.128806
2 0.348438 0.606557 0.046875 0.051522
0 0.530469 0.661593 0.026562 0.096019
0 0.543750 0.648712 0.012500 0.060890
0 0.305469 0.615925 0.014063 0.018735
2 0.575781 0.600703 0.032813 0.021077
0 0.479687 0.637002 0.931250 0.206089
