3 0.211719 0.704918 0.129688 0.234192
3 0.825781 0.789227 0.270313 0.360656
3 0.481250 0.728337 0.250000 0.290398
3 0.605469 0.702576 0.095312 0.234192
3 0.693750 0.669789 0.093750 0.201405
3 0.344531 0.646370 0.142187 0.229508
0 0.474219 0.656909 0.079687 0.302108
0 0.431250 0.632319 0.062500 0.323185
0 0.157031 0.501171 0.314063 0.997658
0 0.935156 0.519906 0.095312 0.229508
0 0.753125 0.543326 0.071875 0.248244
0 0.807813 0.701405 0.171875 0.461358
0 0.554688 0.532787 0.096875 0.110070
0 0.970313 0.514052 0.056250 0.147541
0 0.680469 0.577283 0.092188 0.227166
0 0.853906 0.508197 0.089063 0.126464
0 0.566406 0.524590 0.020313 0.056206
0 0.339844 0.590164 0.070312 0.252927
0 0.310156 0.556206 0.039062 0.316159
0 0.560156 0.591335 0.820312 0.358314
