3 0.464844 0.921875 0.645312 0.131250
0 0.358594 0.618750 0.326562 0.620833
0 0.652344 0.507292 0.354687 0.822917
0 0.136719 0.485417 0.148438 0.300000
0 0.916406 0.513542 0.070312 0.256250
0 0.799219 0.454167 0.051562 0.175000
0 0.030469 0.460417 0.057813 0.204167
0 0.975000 0.441667 0.028125 0.095833
0 0.963281 0.441667 0.048438 0.112500
0 0.885938 0.441667 0.037500 0.100000
3 0.969531 0.563542 0.060937 0.147917
3 0.131250 0.803125 0.259375 0.368750
0 0.860156 0.663542 0.135937 0.431250
0 0.388281 0.432292 0.098437 0.243750
0 0.591406 0.520833 0.242188 0.762500
