5 0.473438 0.331382 0.134375 0.086651
0 0.808594 0.899297 0.076563 0.177986
0 0.499219 0.901639 0.048438 0.196721
0 0.555469 0.805621 0.067187 0.107728
0 0.279687 0.529274 0.034375 0.112412
0 0.928906 0.884075 0.064062 0.086651
0 0.150000 0.549180 0.043750 0.119438
0 0.271875 0.838407 0.065625 0.299766
0 0.978125 0.899297 0.043750 0.177986
0 0.538281 0.516393 0.048438 0.119438
0 0.045312 0.755269 0.075000 0.236534
3 0.279687 0.581967 0.034375 0.100703
3 0.241406 0.560890 0.054688 0.105386
3 0.817969 0.384075 0.029687 0.070258
3 0.616406 0.435597 0.048438 0.065574
3 0.734375 0.408665 0.068750 0.081967
3 0.692969 0.405152 0.042188 0.084309
0 0.454688 0.893443 0.059375 0.213115
0 0.060156 0.929742 0.120313 0.140515
3 0.108594 0.563232 0.026562 0.096019
3 0.268750 0.529274 0.015625 0.046838
0 0.402344 0.525761 0.051562 0.133489
5 0.525781 0.371194 0.123438 0.049180
3 0.493750 0.578454 0.068750 0.135831
3 0.542969 0.556206 0.070312 0.114754
3 0.320312 0.607728 0.071875 0.124122
3 0.407813 0.553864 0.056250 0.110070
3 0.156250 0.580796 0.056250 0.103044
0 0.346094 0.622951 0.517188 0.491803
3 0.302344 0.477752 0.035937 0.046838
