1 0.938889 0.728906 0.083333 0.104688
2 0.372222 0.763281 0.555556 0.192188
2 0.958333 0.670312 0.083333 0.056250
0 0.304167 0.657813 0.058333 0.062500
0 0.173611 0.685156 0.113889 0.082812
0 0.830556 0.649219 0.016667 0.042188
0 0.866667 0.661719 0.050000 0.054688
0 0.247222 0.677344 0.077778 0.101562
0 0.580556 0.663281 0.033333 0.070312
0 0.550000 0.662500 0.050000 0.050000
0 0.169444 0.650000 0.066667 0.050000
3 0.823611 0.670312 0.041667 0.031250
0 0.775000 0.667188 0.061111 0.075000
1 0.761111 0.921094 0.316667 0.154688
1 0.508333 0.906250 0.516667 0.187500
1 0.930556 0.852344 0.138889 0.073438
