2 0.967187 0.611111 0.056250 0.048309
0 0.536719 0.718599 0.048438 0.239130
0 0.227344 0.669082 0.026562 0.173913
0 0.264844 0.652174 0.020313 0.120773
0 0.657031 0.585749 0.026562 0.074879
0 0.693750 0.611111 0.031250 0.106280
1 0.567187 0.707729 0.037500 0.096618
1 0.747656 0.643720 0.032813 0.084541
1 0.686719 0.677536 0.032813 0.055556
1 0.830469 0.642512 0.023438 0.043478
1 0.796094 0.641304 0.042188 0.065217
1 0.603906 0.688406 0.051562 0.115942
1 0.714844 0.654589 0.026562 0.086957
1 0.764062 0.632850 0.025000 0.062802
0 0.484375 0.741546 0.025000 0.043478
1 0.850000 0.657005 0.006250 0.028986
1 0.862500 0.628019 0.021875 0.062802
4 0.924219 0.567633 0.014063 0.062802
1 0.910937 0.640097 0.015625 0.053140
1 0.937500 0.634058 0.018750 0.055556
4 0.939063 0.536232 0.037500 0.086957
1 0.648438 0.683575 0.065625 0.091787
