5 0.607812 0.494792 0.184375 0.356250
5 0.350781 0.522917 0.239063 0.212500
5 0.732031 0.370833 0.064062 0.095833
5 0.178906 0.861458 0.260937 0.235417
2 0.069531 0.809375 0.135937 0.147917
2 0.356250 0.682292 0.162500 0.172917
2 0.436719 0.616667 0.123438 0.125000
2 0.483594 0.556250 0.092188 0.091667
5 0.206250 0.665625 0.181250 0.152083
5 0.614062 0.347917 0.087500 0.104167
5 0.519531 0.397917 0.079687 0.062500
5 0.207031 0.326042 0.064062 0.039583
5 0.017969 0.430208 0.035937 0.172917
2 0.810156 0.396875 0.060937 0.047917
2 0.135156 0.391667 0.060937 0.066667
2 0.545312 0.458333 0.075000 0.058333
2 0.800000 0.367708 0.046875 0.022917
2 0.525781 0.691667 0.126562 0.125000
2 0.141406 0.597917 0.132812 0.100000
2 0.062500 0.668750 0.121875 0.129167
2 0.491406 0.431250 0.067187 0.050000
2 0.441406 0.646875 0.826562 0.702083
