2 0.655469 0.579082 0.064062 0.096939
4 0.180469 0.604592 0.323437 0.418367
4 0.557031 0.545918 0.092188 0.178571
4 0.621094 0.547194 0.023438 0.043367
0 0.617188 0.739796 0.112500 0.316327
0 0.860156 0.748724 0.073438 0.354592
0 0.922656 0.737245 0.079687 0.306122
0 0.982812 0.725765 0.034375 0.252551
0 0.025000 0.720663 0.050000 0.247449
2 0.751563 0.623724 0.131250 0.196429
6 0.424219 0.548469 0.110937 0.204082
2 0.664062 0.548469 0.037500 0.020408
2 0.691406 0.559949 0.023438 0.043367
2 0.903906 0.619898 0.142187 0.168367
2 0.839063 0.623724 0.031250 0.150510
