0 0.131737 0.174000 0.107784 0.128000
0 0.913174 0.824000 0.077844 0.112000
0 0.555389 0.831000 0.080838 0.098000
0 0.502994 0.455000 0.143713 0.146000
0 0.302395 0.498000 0.077844 0.084000
0 0.393713 0.501000 0.032934 0.062000
0 0.184132 0.473000 0.134731 0.102000
0 0.199102 0.837000 0.086826 0.102000
0 0.869760 0.482000 0.158683 0.132000
0 0.727545 0.831000 0.035928 0.062000
0 0.723054 0.171000 0.032934 0.058000
0 0.473054 0.149000 0.113772 0.170000
0 0.931138 0.172000 0.083832 0.084000
0 0.465569 0.480000 0.889222 0.784000
