2 0.049000 0.877333 0.070000 0.085333
0 0.147000 0.914667 0.050000 0.144000
0 0.747000 0.878667 0.046000 0.114667
0 0.405000 0.852000 0.014000 0.072000
0 0.368000 0.845333 0.012000 0.053333
0 0.860000 0.821333 0.028000 0.058667
0 0.263000 0.852000 0.010000 0.050667
0 0.097000 0.922667 0.062000 0.149333
0 0.177000 0.910667 0.042000 0.178667
0 0.771000 0.890667 0.034000 0.074667
0 0.785000 0.874667 0.034000 0.101333
0 0.805000 0.896000 0.038000 0.064000
2 0.752000 0.833333 0.020000 0.040000
0 0.468000 0.848000 0.020000 0.074667
0 0.547000 0.900000 0.038000 0.136000
0 0.499000 0.889333 0.998000 0.216000
