4 0.230469 0.445289 0.460938 0.671733
4 0.523438 0.405775 0.181250 0.440729
4 0.836719 0.417933 0.129688 0.319149
4 0.940625 0.408815 0.096875 0.227964
4 0.689844 0.411854 0.198437 0.398176
0 0.195312 0.747720 0.109375 0.480243
0 0.520312 0.731003 0.084375 0.446809
0 0.658594 0.734043 0.060937 0.410334
0 0.741406 0.731003 0.067187 0.398176
0 0.804688 0.744681 0.068750 0.382979
0 0.878125 0.639818 0.037500 0.234043
0 0.613281 0.612462 0.035937 0.252280
0 0.921875 0.642857 0.037500 0.264438
0 0.701562 0.661094 0.056250 0.282675
0 0.331250 0.673252 0.071875 0.288754
0 0.278906 0.778116 0.154688 0.407295
0 0.960156 0.648936 0.039062 0.240122
4 0.967187 0.437690 0.065625 0.188450
0 0.592969 0.661094 0.048438 0.276596
0 0.617188 0.638298 0.759375 0.297872
