2 0.647656 0.639344 0.073438 0.126464
2 0.065625 0.566745 0.131250 0.168618
2 0.279687 0.515222 0.109375 0.112412
2 0.893750 0.484778 0.159375 0.074941
2 0.445312 0.509368 0.037500 0.058548
0 0.575000 0.585480 0.087500 0.412178
0 0.410156 0.591335 0.067187 0.316159
0 0.212500 0.601874 0.059375 0.309133
0 0.155469 0.593677 0.067187 0.306792
2 0.855469 0.717799 0.204687 0.105386
2 0.255469 0.460187 0.076563 0.053864
2 0.442188 0.478923 0.034375 0.025761
2 0.136719 0.470726 0.101562 0.042155
0 0.726562 0.620609 0.075000 0.346604
2 0.078125 0.481265 0.096875 0.030445
2 0.314063 0.485948 0.046875 0.077283
0 0.367969 0.583138 0.064062 0.337237
2 0.027344 0.478923 0.054688 0.072600
