1 0.427083 0.645312 0.025000 0.112500
1 0.588542 0.713281 0.110417 0.142187
1 0.473958 0.634375 0.027083 0.109375
1 0.464583 0.423438 0.025000 0.071875
1 0.416667 0.406250 0.025000 0.071875
1 0.363542 0.367188 0.022917 0.059375
1 0.312500 0.336719 0.045833 0.060937
0 0.583333 0.600000 0.120833 0.162500
0 0.423958 0.582812 0.106250 0.209375
0 0.487500 0.573438 0.062500 0.178125
0 0.501042 0.471875 0.085417 0.140625
0 0.466667 0.378125 0.054167 0.112500
0 0.411458 0.368750 0.064583 0.125000
0 0.356250 0.330469 0.066667 0.110937
0 0.309375 0.301563 0.064583 0.084375
0 0.520833 0.416406 0.054167 0.060937
