3 0.196094 0.690278 0.176563 0.286111
3 0.025000 0.787500 0.050000 0.225000
0 0.330469 0.530556 0.198437 0.905556
0 0.157031 0.544444 0.085938 0.305556
0 0.220312 0.458333 0.040625 0.222222
0 0.689844 0.505556 0.026562 0.105556
0 0.720313 0.555556 0.037500 0.211111
0 0.780469 0.577778 0.042188 0.172222
0 0.957031 0.541667 0.051562 0.294444
5 0.908594 0.515278 0.182812 0.319444
0 0.825781 0.526389 0.023438 0.108333
0 0.752344 0.545833 0.035937 0.191667
0 0.077344 0.561111 0.120313 0.633333
0 0.676562 0.559722 0.068750 0.252778
