2 0.958000 0.120482 0.064000 0.048193
2 0.927000 0.121988 0.038000 0.033133
4 0.684000 0.076807 0.396000 0.147590
4 0.195000 0.072289 0.386000 0.138554
0 0.400000 0.096386 0.016000 0.084337
0 0.427000 0.091867 0.026000 0.087349
0 0.447000 0.091867 0.014000 0.093373
0 0.438000 0.054217 0.012000 0.036145
0 0.461000 0.090361 0.014000 0.090361
0 0.480000 0.094880 0.016000 0.081325
0 0.471000 0.093373 0.014000 0.090361
0 0.414000 0.082831 0.016000 0.099398
0 0.388000 0.084337 0.012000 0.084337
0 0.405000 0.087349 0.010000 0.084337
2 0.987000 0.118976 0.026000 0.057229
2 0.881000 0.123494 0.066000 0.048193
0 0.489000 0.106928 0.006000 0.069277
