0 0.444079 0.496875 0.326754 0.571875
0 0.631579 0.503906 0.184211 0.510938
2 0.322368 0.314844 0.070175 0.023438
2 0.273026 0.315625 0.063596 0.028125
2 0.533991 0.310937 0.063596 0.031250
1 0.032895 0.376563 0.057018 0.087500
1 0.044956 0.347656 0.089912 0.110937
1 0.108553 0.366406 0.072368 0.064062
1 0.142544 0.360156 0.052632 0.073438
1 0.167763 0.358594 0.072368 0.082812
1 0.242325 0.351562 0.076754 0.081250
1 0.290570 0.360156 0.037281 0.067187
1 0.014254 0.391406 0.028509 0.060937
1 0.311404 0.353125 0.043860 0.078125
1 0.197368 0.360156 0.052632 0.064062
2 0.269737 0.303125 0.057018 0.018750
2 0.706140 0.339844 0.135965 0.095312
2 0.769737 0.343750 0.078947 0.059375
0 0.820175 0.318750 0.048246 0.071875
0 0.542763 0.327344 0.028509 0.057813
