5 0.052344 0.637324 0.101562 0.086854
0 0.651563 0.728873 0.187500 0.537559
0 0.545312 0.632629 0.112500 0.251174
0 0.296875 0.741784 0.109375 0.492958
0 0.142969 0.874413 0.057813 0.246479
0 0.942187 0.611502 0.031250 0.068075
0 0.047656 0.836854 0.079687 0.326291
0 0.787500 0.813380 0.068750 0.368545
0 0.832812 0.829812 0.071875 0.330986
0 0.104688 0.869718 0.053125 0.255869
0 0.107813 0.742958 0.046875 0.110329
0 0.490625 0.622066 0.031250 0.079812
0 0.175781 0.774648 0.042188 0.173709
0 0.946875 0.772300 0.068750 0.244131
0 0.499219 0.794601 0.998437 0.406103
