3 0.670312 0.794393 0.115625 0.383178
3 0.896094 0.605140 0.064062 0.182243
3 0.776563 0.657710 0.087500 0.264019
3 0.051562 0.689252 0.103125 0.112150
3 0.450000 0.586449 0.056250 0.158879
3 0.058594 0.648364 0.114062 0.109813
3 0.036719 0.862150 0.073438 0.275701
3 0.167187 0.825935 0.265625 0.348131
0 0.352344 0.545561 0.045312 0.179907
0 0.449219 0.540888 0.060937 0.179907
0 0.274219 0.742991 0.104688 0.509346
0 0.240625 0.766355 0.093750 0.467290
0 0.194531 0.741822 0.164062 0.488318
0 0.585938 0.509346 0.034375 0.126168
0 0.781250 0.565421 0.143750 0.280374
0 0.835156 0.481308 0.051562 0.098131
0 0.891406 0.565421 0.095312 0.271028
0 0.387500 0.519860 0.043750 0.123832
0 0.657813 0.640187 0.143750 0.467290
3 0.832031 0.579439 0.054688 0.140187
3 0.382812 0.544393 0.040625 0.084112
0 0.971094 0.557243 0.039062 0.259346
3 0.499219 0.505841 0.023438 0.044393
3 0.053125 0.773364 0.106250 0.163551
0 0.723437 0.469626 0.021875 0.051402
3 0.963281 0.591121 0.073438 0.116822
0 0.489063 0.549065 0.434375 0.182243
