4 0.799219 0.620609 0.257812 0.196721
0 0.456250 0.714286 0.021875 0.060890
0 0.603906 0.682670 0.017188 0.067916
0 0.678906 0.677986 0.014063 0.067916
0 0.435937 0.714286 0.012500 0.056206
0 0.585156 0.692037 0.017188 0.058548
0 0.354687 0.734192 0.012500 0.063232
0 0.568750 0.681499 0.018750 0.056206
0 0.593750 0.677986 0.012500 0.053864
5 0.151562 0.784543 0.078125 0.107728
5 0.053125 0.710773 0.075000 0.086651
0 0.652344 0.679157 0.020313 0.046838
0 0.418750 0.706089 0.015625 0.063232
0 0.779687 0.563232 0.012500 0.030445
0 0.388281 0.713115 0.017188 0.053864
0 0.424219 0.720141 0.017188 0.058548
0 0.439063 0.611241 0.506250 0.243560
