0 0.322000 0.588000 0.028000 0.061333
0 0.383000 0.550667 0.014000 0.040000
0 0.834000 0.618667 0.020000 0.048000
0 0.071000 0.616000 0.026000 0.064000
0 0.805000 0.585333 0.022000 0.034667
0 0.852000 0.616000 0.016000 0.074667
2 0.365000 0.861333 0.186000 0.240000
2 0.800000 0.714667 0.108000 0.128000
2 0.601000 0.638667 0.062000 0.066667
4 0.430000 0.538667 0.052000 0.058667
0 0.967000 0.578667 0.018000 0.016000
2 0.531000 0.586667 0.038000 0.037333
2 0.033000 0.697333 0.066000 0.109333
2 0.230000 0.593333 0.056000 0.050667
2 0.682000 0.632000 0.048000 0.069333
2 0.970000 0.681333 0.060000 0.098667
2 0.556000 0.642667 0.040000 0.032000
2 0.566000 0.613333 0.032000 0.032000
2 0.626000 0.606667 0.028000 0.050667
2 0.559000 0.588000 0.018000 0.024000
3 0.785000 0.630667 0.042000 0.050667
0 0.320000 0.545333 0.008000 0.029333
0 0.301000 0.550667 0.010000 0.034667
0 0.818000 0.617333 0.016000 0.056000
0 0.824000 0.570667 0.016000 0.037333
0 0.779000 0.586667 0.018000 0.032000
2 0.585000 0.574667 0.038000 0.029333
2 0.718000 0.337333 0.560000 0.605333
