3 0.870629 0.293750 0.076923 0.062500
3 0.637529 0.282813 0.104895 0.050000
0 0.293706 0.496094 0.181818 0.220312
0 0.386946 0.241406 0.032634 0.054688
0 0.369464 0.439063 0.062937 0.178125
0 0.306527 0.353125 0.072261 0.084375
0 0.425408 0.442969 0.090909 0.182812
0 0.336830 0.362500 0.053613 0.056250
0 0.483683 0.395313 0.100233 0.153125
0 0.388112 0.344531 0.058275 0.057813
0 0.386946 0.293750 0.041958 0.053125
0 0.817016 0.344531 0.058275 0.120313
0 0.188811 0.406250 0.069930 0.196875
0 0.236597 0.360156 0.090909 0.117188
3 0.963869 0.298438 0.072261 0.046875
0 0.821678 0.273438 0.053613 0.043750
3 0.745921 0.285938 0.083916 0.040625
1 0.254079 0.432031 0.088578 0.114062
0 0.592075 0.239844 0.792541 0.229687
