2 0.682031 0.278824 0.057813 0.072941
2 0.624219 0.223529 0.035937 0.042353
3 0.637500 0.387059 0.028125 0.068235
4 0.446094 0.340000 0.289062 0.680000
4 0.926562 0.281176 0.146875 0.458824
4 0.642969 0.175294 0.054688 0.091765
0 0.094531 0.343529 0.039062 0.150588
0 0.774219 0.300000 0.035937 0.040000
5 0.776563 0.329412 0.153125 0.240000
2 0.617188 0.269412 0.046875 0.082353
0 0.292969 0.255294 0.014063 0.082353
0 0.798438 0.210588 0.012500 0.016471
0 0.641406 0.330588 0.042188 0.091765
1 0.298438 0.285882 0.006250 0.049412
