1 0.239063 0.841920 0.131250 0.278689
1 0.310937 0.682670 0.078125 0.067916
5 0.685937 0.442623 0.343750 0.622951
0 0.496875 0.730679 0.062500 0.327869
0 0.482812 0.256440 0.021875 0.105386
0 0.670312 0.707260 0.084375 0.351288
0 0.532813 0.530445 0.050000 0.119438
0 0.472656 0.553864 0.095312 0.208431
0 0.404687 0.285714 0.031250 0.070258
0 0.413281 0.180328 0.017188 0.065574
0 0.477344 0.217799 0.020313 0.098361
0 0.509375 0.203747 0.040625 0.088993
0 0.533594 0.721311 0.051562 0.337237
0 0.538281 0.190867 0.017188 0.081967
1 0.313281 0.330211 0.023438 0.065574
1 0.229687 0.346604 0.062500 0.056206
0 0.664844 0.149883 0.101562 0.149883
0 0.526563 0.192037 0.012500 0.074941
0 0.392188 0.220141 0.275000 0.295082
