1 0.669531 0.856944 0.132812 0.163889
0 0.421875 0.698611 0.025000 0.075000
0 0.553125 0.780556 0.059375 0.250000
0 0.486719 0.733333 0.026562 0.127778
0 0.512500 0.663889 0.009375 0.011111
0 0.519531 0.663889 0.004687 0.011111
0 0.458594 0.668056 0.004687 0.008333
0 0.356250 0.676389 0.012500 0.097222
0 0.685937 0.794444 0.065625 0.294444
0 0.326562 0.681944 0.018750 0.091667
0 0.082031 0.716667 0.014063 0.133333
0 0.284375 0.695833 0.021875 0.080556
0 0.066406 0.695833 0.023438 0.075000
1 0.537500 0.845833 0.150000 0.169444
0 0.396875 0.666667 0.006250 0.011111
0 0.473438 0.788889 0.840625 0.333333
