0 0.218000 0.548105 0.156000 0.542274
0 0.688000 0.667638 0.368000 0.588921
0 0.405000 0.465015 0.066000 0.271137
0 0.766000 0.405248 0.024000 0.110787
0 0.882000 0.403790 0.028000 0.107872
0 0.934000 0.406706 0.080000 0.195335
0 0.863000 0.431487 0.018000 0.081633
0 0.492000 0.399417 0.060000 0.180758
0 0.562000 0.393586 0.044000 0.151603
0 0.829000 0.409621 0.022000 0.102041
0 0.786000 0.400875 0.028000 0.148688
0 0.137000 0.396501 0.046000 0.128280
0 0.513000 0.411079 0.018000 0.104956
0 0.436000 0.408163 0.764000 0.186589
