2 0.216000 0.942667 0.064000 0.077333
2 0.264000 0.922667 0.044000 0.053333
2 0.522000 0.942667 0.076000 0.104000
2 0.488000 0.869333 0.028000 0.032000
2 0.168000 0.941333 0.044000 0.064000
2 0.795000 0.764000 0.410000 0.472000
2 0.299000 0.876000 0.030000 0.034667
2 0.279000 0.889333 0.046000 0.034667
2 0.400000 0.890667 0.056000 0.032000
2 0.510000 0.902667 0.056000 0.040000
5 0.389000 0.844000 0.026000 0.034667
5 0.217000 0.940000 0.066000 0.077333
2 0.141000 0.920000 0.030000 0.021333
5 0.381000 0.948000 0.098000 0.098667
