3 0.684375 0.618750 0.228125 0.254167
3 0.112500 0.585417 0.118750 0.150000
0 0.538281 0.631250 0.067187 0.316667
0 0.464062 0.634375 0.112500 0.335417
0 0.331250 0.637500 0.065625 0.208333
0 0.815625 0.516667 0.103125 0.216667
0 0.230469 0.603125 0.035937 0.172917
0 0.261719 0.569792 0.039062 0.168750
0 0.880469 0.523958 0.051562 0.218750
0 0.642188 0.526042 0.056250 0.135417
0 0.375781 0.600000 0.014063 0.137500
0 0.377344 0.512500 0.014063 0.050000
0 0.356250 0.486458 0.034375 0.072917
0 0.947656 0.572917 0.073438 0.120833
0 0.488281 0.512500 0.029687 0.075000
0 0.437500 0.573958 0.684375 0.239583
