3 0.307031 0.544601 0.079687 0.206573
3 0.579688 0.566901 0.109375 0.185446
3 0.411719 0.579812 0.054688 0.112676
3 0.504687 0.588028 0.053125 0.096244
0 0.802344 0.453052 0.342187 0.563380
0 0.163281 0.467136 0.220312 0.478873
0 0.570312 0.545775 0.112500 0.223005
0 0.326562 0.544601 0.065625 0.206573
0 0.471875 0.586854 0.037500 0.093897
0 0.430469 0.553991 0.017188 0.042254
2 0.442969 0.599765 0.042188 0.068075
3 0.470313 0.595070 0.018750 0.068075
0 0.403125 0.529343 0.050000 0.039906
0 0.505469 0.530516 0.029687 0.046948
3 0.164062 0.473005 0.237500 0.490610
3 0.809375 0.489437 0.268750 0.570423
