1 0.247656 0.816159 0.167187 0.231850
1 0.061719 0.696721 0.123438 0.241218
3 0.380469 0.837237 0.120313 0.278689
3 0.670312 0.875878 0.281250 0.248244
0 0.921875 0.227166 0.156250 0.370023
0 0.428125 0.229508 0.165625 0.341920
0 0.321875 0.189696 0.112500 0.379391
0 0.579688 0.283372 0.153125 0.398126
0 0.714844 0.281030 0.135937 0.313817
0 0.657813 0.209602 0.090625 0.339578
0 0.231250 0.167447 0.059375 0.175644
0 0.200000 0.181499 0.059375 0.142857
0 0.046875 0.161593 0.068750 0.224824
0 0.170313 0.127635 0.096875 0.175644
0 0.519531 0.190867 0.073438 0.199063
3 0.616406 0.618267 0.414062 0.754098
0 0.191406 0.225995 0.132812 0.152225
1 0.151562 0.755269 0.075000 0.208431
1 0.378906 0.832553 0.117188 0.292740
1 0.890625 0.813817 0.218750 0.339578
1 0.303125 0.364169 0.050000 0.053864
4 0.387500 0.081967 0.087500 0.107728
4 0.292969 0.142857 0.585938 0.285714
0 0.953125 0.138173 0.043750 0.084309
0 0.348438 0.132319 0.115625 0.119438
