2 0.405469 0.423888 0.067187 0.060890
3 0.306250 0.521077 0.146875 0.437939
3 0.501563 0.533958 0.203125 0.454333
0 0.294531 0.455504 0.154688 0.409836
0 0.498437 0.345433 0.128125 0.175644
0 0.745313 0.456674 0.112500 0.276347
0 0.669531 0.491803 0.029687 0.149883
0 0.616406 0.457845 0.032813 0.180328
0 0.706250 0.426230 0.056250 0.060890
0 0.715625 0.497658 0.040625 0.152225
0 0.662500 0.426230 0.031250 0.093677
0 0.589844 0.455504 0.032813 0.170960
0 0.693750 0.470726 0.037500 0.201405
0 0.632031 0.454333 0.048438 0.201405
0 0.939063 0.488290 0.034375 0.302108
5 0.164844 0.407494 0.073438 0.084309
0 0.959375 0.503513 0.062500 0.299766
0 0.551562 0.510539 0.834375 0.304450
