2 0.156250 0.762295 0.068750 0.091335
2 0.179688 0.741218 0.050000 0.081967
2 0.960156 0.772834 0.079687 0.060890
2 0.899219 0.920375 0.201563 0.159251
2 0.753906 0.881733 0.492188 0.236534
2 0.150781 0.895785 0.301563 0.185012
4 0.407813 0.672131 0.400000 0.463700
0 0.771094 0.500000 0.223438 0.316159
0 0.844531 0.727166 0.060937 0.077283
0 0.552344 0.734192 0.023438 0.035129
0 0.167969 0.736534 0.023438 0.021077
0 0.053906 0.922717 0.107813 0.126464
0 0.843750 0.826698 0.031250 0.037471
0 0.120313 0.703747 0.006250 0.016393
2 0.069531 0.744731 0.054688 0.065574
2 0.032031 0.744731 0.017188 0.051522
