2 0.751563 0.524648 0.043750 0.035211
2 0.835156 0.537559 0.039062 0.028169
2 0.700000 0.519953 0.037500 0.021127
2 0.936719 0.558685 0.042188 0.032864
6 0.451562 0.575117 0.756250 0.281690
2 0.794531 0.537559 0.035937 0.028169
2 0.952344 0.514085 0.026562 0.014085
5 0.539062 0.462441 0.037500 0.023474
5 0.584375 0.470657 0.037500 0.016432
2 0.982031 0.571596 0.035937 0.030516
2 0.767188 0.530516 0.037500 0.028169
2 0.617188 0.475352 0.025000 0.011737
2 0.587500 0.469484 0.031250 0.018779
2 0.559375 0.470657 0.031250 0.011737
2 0.795312 0.521127 0.031250 0.014085
2 0.733594 0.522300 0.029687 0.025822
