0 0.304450 0.835938 0.168618 0.178125
0 0.745902 0.641406 0.081967 0.057813
0 0.461358 0.632812 0.112412 0.125000
0 0.498829 0.567187 0.084309 0.112500
0 0.525761 0.460156 0.100703 0.101562
0 0.557377 0.375781 0.070258 0.079687
0 0.552693 0.314844 0.056206 0.035937
0 0.300937 0.425000 0.049180 0.037500
0 0.213115 0.503125 0.093677 0.046875
0 0.738876 0.416406 0.025761 0.017188
0 0.110070 0.769531 0.131148 0.151562
3 0.647541 0.817969 0.133489 0.167187
3 0.751756 0.750000 0.121780 0.128125
3 0.412178 0.743750 0.121780 0.137500
3 0.115925 0.822656 0.114754 0.154688
3 0.304450 0.885156 0.210773 0.160938
3 0.894614 0.623437 0.131148 0.143750
3 0.450820 0.662500 0.114754 0.087500
3 0.524590 0.479687 0.107728 0.093750
3 0.738876 0.483594 0.110070 0.089063
3 0.214286 0.571094 0.124122 0.104688
3 0.268150 0.471094 0.100703 0.101562
3 0.840749 0.421094 0.074941 0.101562
0 0.749415 0.710938 0.117096 0.143750
0 0.653396 0.771094 0.149883 0.160938
0 0.578454 0.401562 0.697892 0.362500
3 0.580796 0.344531 0.557377 0.248438
