0 0.571875 0.900000 0.050000 0.194444
0 0.327344 0.895833 0.045312 0.208333
0 0.164844 0.890278 0.120313 0.219444
0 0.252344 0.868056 0.085938 0.263889
0 0.049219 0.858333 0.098437 0.250000
0 0.419531 0.905556 0.035937 0.188889
0 0.385156 0.887500 0.060937 0.225000
0 0.467969 0.890278 0.060937 0.219444
0 0.519531 0.912500 0.051562 0.175000
0 0.645312 0.891667 0.018750 0.127778
0 0.497656 0.862500 0.020313 0.069444
0 0.537500 0.852778 0.021875 0.088889
2 0.595313 0.862500 0.031250 0.063889
2 0.103125 0.937500 0.034375 0.091667
