0 0.982812 0.737530 0.012500 0.045131
0 0.875781 0.723278 0.007812 0.021378
2 0.389844 0.634204 0.039062 0.052257
2 0.231250 0.657957 0.034375 0.047506
2 0.179688 0.649644 0.021875 0.035629
2 0.857031 0.669834 0.042188 0.057007
2 0.743750 0.650831 0.050000 0.052257
2 0.132812 0.649644 0.034375 0.045131
2 0.294531 0.657957 0.023438 0.047506
2 0.342969 0.654394 0.042188 0.064133
5 0.564063 0.656770 0.071875 0.078385
5 0.178906 0.617577 0.023438 0.047506
0 0.494531 0.700713 0.017188 0.052257
2 0.393750 0.663895 0.034375 0.045131
2 0.451562 0.663895 0.040625 0.049881
2 0.339844 0.623515 0.048438 0.040380
2 0.233594 0.627078 0.039062 0.042755
4 0.804688 0.858670 0.337500 0.173397
4 0.235937 0.800475 0.471875 0.175772
2 0.071875 0.643705 0.009375 0.028504
2 0.443750 0.672209 0.884375 0.223278
