6 0.344531 0.515625 0.585938 0.414583
0 0.368750 0.627083 0.081250 0.212500
0 0.533594 0.673958 0.082812 0.247917
0 0.638281 0.635417 0.057813 0.200000
0 0.758594 0.638542 0.042188 0.235417
0 0.786719 0.662500 0.060937 0.254167
0 0.814063 0.659375 0.040625 0.239583
0 0.956250 0.663542 0.068750 0.222917
0 0.648438 0.534375 0.040625 0.102083
0 0.951562 0.531250 0.031250 0.045833
0 0.798438 0.530208 0.025000 0.064583
0 0.030469 0.625000 0.051562 0.258333
0 0.759375 0.506250 0.031250 0.112500
0 0.881250 0.664583 0.068750 0.241667
0 0.795312 0.558333 0.403125 0.241667
