2 0.141406 0.637529 0.051562 0.151515
2 0.181250 0.587413 0.128125 0.135198
2 0.478125 0.581585 0.087500 0.095571
2 0.410938 0.558275 0.025000 0.062937
5 0.177344 0.586247 0.126562 0.128205
5 0.714844 0.546620 0.367188 0.193473
5 0.944531 0.561772 0.107813 0.107226
0 0.327344 0.603730 0.035937 0.153846
0 0.362500 0.557110 0.012500 0.041958
2 0.519531 0.552448 0.032813 0.037296
2 0.939844 0.561772 0.120313 0.107226
2 0.956250 0.516317 0.059375 0.020979
2 0.989062 0.523310 0.021875 0.034965
2 0.871875 0.561772 0.050000 0.135198
5 0.432812 0.566434 0.043750 0.079254
