2 0.867969 0.817647 0.032813 0.049412
0 0.607031 0.840000 0.020313 0.103529
0 0.653125 0.811765 0.006250 0.018824
0 0.664062 0.882353 0.040625 0.084706
0 0.574219 0.838824 0.026562 0.105882
0 0.707031 0.858824 0.042188 0.112941
0 0.481250 0.824706 0.018750 0.087059
0 0.471875 0.829412 0.006250 0.044706
0 0.455469 0.823529 0.017188 0.051765
0 0.361719 0.845882 0.026562 0.082353
2 0.644531 0.803529 0.048438 0.035294
2 0.575000 0.796471 0.062500 0.025882
5 0.179688 0.820000 0.153125 0.120000
5 0.286719 0.817647 0.104688 0.087059
0 0.758594 0.851765 0.017188 0.098824
0 0.285156 0.863529 0.017188 0.056471
0 0.310156 0.842353 0.026562 0.103529
5 0.042969 0.796471 0.085938 0.063529
0 0.507031 0.829412 0.014063 0.077647
0 0.488281 0.857647 0.976562 0.167059
