2 0.835938 0.588542 0.271875 0.193750
2 0.243750 0.505208 0.065625 0.068750
2 0.065625 0.480208 0.021875 0.039583
5 0.460938 0.458333 0.478125 0.537500
5 0.133594 0.472917 0.142187 0.154167
0 0.903125 0.534375 0.056250 0.047917
0 0.150781 0.427083 0.020313 0.025000
5 0.840625 0.593750 0.290625 0.212500
0 0.507031 0.344792 0.051562 0.081250
0 0.601562 0.350000 0.087500 0.083333
0 0.450000 0.341667 0.037500 0.079167
5 0.029687 0.466667 0.059375 0.075000
0 0.182812 0.428125 0.025000 0.027083
2 0.960938 0.610417 0.078125 0.320833
