2 0.258594 0.607059 0.220312 0.117647
2 0.407031 0.601176 0.257812 0.115294
2 0.072656 0.575294 0.079687 0.054118
3 0.139063 0.744706 0.196875 0.280000
3 0.844531 0.695294 0.167187 0.171765
3 0.285156 0.690588 0.173437 0.204706
0 0.653125 0.676471 0.131250 0.247059
0 0.821094 0.645882 0.104688 0.303529
0 0.892969 0.584706 0.070312 0.176471
0 0.144531 0.718824 0.117188 0.369412
0 0.475781 0.638824 0.148438 0.162353
2 0.032031 0.660000 0.064062 0.190588
0 0.921094 0.552941 0.060937 0.080000
0 0.760938 0.583529 0.040625 0.150588
0 0.824219 0.554118 0.048438 0.058824
0 0.271875 0.663529 0.084375 0.287059
0 0.146875 0.537647 0.012500 0.021176
2 0.939063 0.563529 0.025000 0.035294
0 0.739062 0.572941 0.015625 0.105882
3 0.930469 0.638824 0.089063 0.120000
