2 0.072770 0.753906 0.084507 0.167187
2 0.041080 0.750781 0.082160 0.157812
0 0.611502 0.725781 0.157277 0.101562
0 0.853286 0.703125 0.058685 0.096875
0 0.771127 0.693750 0.105634 0.128125
0 0.672535 0.652344 0.035211 0.039062
0 0.744131 0.616406 0.042254 0.039062
0 0.703052 0.635938 0.044601 0.031250
0 0.569249 0.689844 0.077465 0.089063
1 0.475352 0.767969 0.072770 0.101562
2 0.395540 0.642969 0.068075 0.032813
2 0.032864 0.653906 0.046948 0.060937
0 0.700704 0.704688 0.058685 0.131250
0 0.654930 0.676562 0.061033 0.059375
1 0.524648 0.737500 0.025822 0.043750
1 0.056338 0.835156 0.107981 0.198437
2 0.423709 0.621875 0.049296 0.015625
