0 0.113281 0.839578 0.142187 0.297424
0 0.174219 0.853630 0.023438 0.049180
0 0.031250 0.754098 0.062500 0.168618
0 0.010937 0.685012 0.021875 0.091335
0 0.339844 0.950820 0.039062 0.093677
0 0.291406 0.923888 0.017188 0.049180
0 0.199219 0.872365 0.032813 0.086651
0 0.257812 0.899297 0.015625 0.018735
1 0.067187 0.896956 0.134375 0.088993
0 0.025000 0.766979 0.050000 0.100703
0 0.371875 0.973068 0.018750 0.049180
0 0.300781 0.933255 0.020313 0.049180
0 0.217969 0.873536 0.020313 0.037471
0 0.061719 0.765808 0.048438 0.107728
