4 0.500000 0.661000 0.789790 0.282000
0 0.373874 0.905000 0.243243 0.190000
0 0.503003 0.824000 0.105105 0.168000
0 0.060060 0.867000 0.114114 0.262000
0 0.629129 0.826000 0.165165 0.240000
0 0.749249 0.810000 0.063063 0.160000
0 0.821321 0.816000 0.063063 0.148000
0 0.214715 0.778000 0.057057 0.092000
0 0.087087 0.763000 0.054054 0.074000
0 0.136637 0.789000 0.081081 0.150000
0 0.962462 0.712000 0.051051 0.052000
0 0.572072 0.924000 0.195195 0.152000
0 0.267267 0.859000 0.162162 0.262000
4 0.489489 0.514000 0.078078 0.012000
0 0.891892 0.846000 0.090090 0.260000
0 0.500000 0.763000 0.993994 0.434000
