1 0.464062 0.794792 0.084375 0.339583
1 0.717187 0.588542 0.028125 0.093750
1 0.636719 0.630208 0.060937 0.139583
0 0.525781 0.611458 0.076563 0.256250
0 0.626563 0.555208 0.062500 0.160417
0 0.638281 0.504167 0.017188 0.041667
0 0.706250 0.481250 0.009375 0.025000
0 0.892188 0.563542 0.112500 0.189583
0 0.411719 0.698958 0.126562 0.456250
0 0.792188 0.593750 0.078125 0.179167
0 0.950781 0.579167 0.029687 0.129167
0 0.088281 0.701042 0.117188 0.272917
0 0.682813 0.602083 0.046875 0.225000
0 0.023438 0.608333 0.040625 0.345833
0 0.582812 0.508333 0.040625 0.091667
1 0.950000 0.591667 0.021875 0.095833
3 0.792188 0.635417 0.062500 0.137500
0 0.489844 0.501042 0.017188 0.035417
1 0.729688 0.566667 0.021875 0.050000
1 0.541406 0.723958 0.123438 0.235417
0 0.506250 0.702083 0.984375 0.591667
