2 0.090625 0.440821 0.137500 0.157005
2 0.901563 0.574879 0.196875 0.289855
4 0.075000 0.329710 0.150000 0.258454
0 0.831250 0.369565 0.015625 0.043478
0 0.870313 0.399758 0.015625 0.079710
0 0.765625 0.396135 0.025000 0.096618
0 0.744531 0.396135 0.017188 0.091787
0 0.967187 0.384058 0.021875 0.091787
0 0.944531 0.391304 0.048438 0.091787
0 0.833594 0.414251 0.010937 0.050725
5 0.505469 0.495169 0.779687 0.642512
0 0.854688 0.397343 0.025000 0.084541
0 0.225000 0.437198 0.015625 0.019324
0 0.822656 0.398551 0.014063 0.091787
0 0.842969 0.404589 0.010937 0.094203
0 0.166406 0.384058 0.023438 0.053140
3 0.125781 0.481884 0.042188 0.108696
0 0.983594 0.393720 0.017188 0.043478
0 0.531250 0.327295 0.934375 0.190821
