2 0.550000 0.319911 0.043750 0.062640
2 0.763281 0.130872 0.032813 0.046980
4 0.460156 0.538031 0.089063 0.208054
4 0.550000 0.557047 0.084375 0.214765
4 0.617969 0.697987 0.092188 0.246085
4 0.699219 0.376957 0.079687 0.190157
4 0.503125 0.409396 0.078125 0.192394
4 0.334375 0.649888 0.075000 0.239374
4 0.625781 0.196868 0.048438 0.156600
4 0.649219 0.340045 0.089063 0.138702
4 0.558594 0.225951 0.060937 0.170022
0 0.177344 0.728188 0.014063 0.060403
0 0.142187 0.766219 0.012500 0.051454
0 0.153906 0.770694 0.017188 0.064877
0 0.184375 0.790828 0.021875 0.064877
0 0.122656 0.938479 0.020313 0.069351
0 0.192969 0.834452 0.014063 0.053691
0 0.071875 0.900447 0.018750 0.069351
0 0.850781 0.585011 0.017188 0.055928
0 0.113281 0.910515 0.014063 0.062640
0 0.136719 0.851230 0.014063 0.060403
0 0.791406 0.285235 0.007812 0.042506
2 0.435156 0.673378 0.054688 0.085011
4 0.371094 0.795302 0.120313 0.261745
4 0.369531 0.520134 0.107813 0.181208
4 0.728125 0.294183 0.062500 0.185682
0 0.203906 0.913870 0.014063 0.060403
0 0.151562 0.953020 0.021875 0.062640
4 0.721875 0.139821 0.046875 0.158837
2 0.764844 0.023490 0.045312 0.033557
2 0.469531 0.173378 0.026562 0.033557
4 0.646094 0.324385 0.245312 0.572707
0 0.499219 0.497763 0.998437 0.995526
