0 0.423438 0.662383 0.315625 0.478972
0 0.573438 0.383178 0.065625 0.070093
0 0.300781 0.476636 0.098437 0.271028
0 0.296875 0.250000 0.146875 0.210280
0 0.497656 0.202103 0.064062 0.072430
0 0.114844 0.106308 0.045312 0.137850
0 0.480469 0.382009 0.060937 0.081776
0 0.747656 0.488318 0.342187 0.719626
0 0.939844 0.253505 0.114062 0.156542
0 0.804688 0.225467 0.034375 0.105140
0 0.144531 0.595794 0.267188 0.626168
0 0.978125 0.207944 0.043750 0.149533
0 0.468750 0.233645 0.156250 0.144860
0 0.500000 0.251168 0.996875 0.502336
