1 0.798958 0.616406 0.072917 0.076563
1 0.806250 0.614844 0.045833 0.079687
2 0.665625 0.553125 0.068750 0.050000
0 0.157292 0.526563 0.310417 0.503125
0 0.548958 0.517188 0.072917 0.059375
0 0.487500 0.532813 0.020833 0.018750
0 0.615625 0.541406 0.031250 0.045312
0 0.590625 0.534375 0.018750 0.031250
0 0.709375 0.536719 0.014583 0.026562
0 0.737500 0.560937 0.025000 0.037500
0 0.778125 0.540625 0.010417 0.012500
0 0.775000 0.562500 0.020833 0.025000
0 0.685417 0.528125 0.008333 0.009375
0 0.726042 0.534375 0.014583 0.028125
