1 0.139063 0.787500 0.209375 0.375000
0 0.138281 0.662500 0.151562 0.579167
0 0.778125 0.807292 0.056250 0.085417
0 0.578125 0.513542 0.006250 0.010417
0 0.407031 0.645833 0.020313 0.050000
0 0.385156 0.595833 0.017188 0.041667
0 0.296094 0.527083 0.007812 0.008333
0 0.403125 0.744792 0.031250 0.060417
0 0.585156 0.766667 0.057813 0.137500
0 0.925781 0.629167 0.020313 0.020833
0 0.653906 0.502083 0.007812 0.012500
0 0.532813 0.491667 0.006250 0.004167
0 0.589844 0.479167 0.004687 0.008333
0 0.732031 0.793750 0.054688 0.095833
0 0.981250 0.569792 0.034375 0.052083
