2 0.744531 0.733333 0.029687 0.025000
2 0.627344 0.670833 0.026562 0.029167
2 0.641406 0.619792 0.026562 0.022917
2 0.317188 0.434375 0.009375 0.014583
6 0.196875 0.534375 0.025000 0.202083
5 0.810937 0.805208 0.043750 0.035417
5 0.375781 0.421875 0.023438 0.031250
2 0.569531 0.560417 0.020313 0.020833
5 0.399219 0.495833 0.017188 0.025000
5 0.303906 0.351042 0.007812 0.022917
5 0.302344 0.313542 0.014063 0.018750
5 0.314063 0.372917 0.012500 0.016667
2 0.296094 0.345833 0.004687 0.008333
2 0.268750 0.339583 0.006250 0.004167
2 0.281250 0.334375 0.006250 0.006250
