0 0.575000 0.673958 0.200000 0.652083
0 0.256250 0.508333 0.078125 0.141667
0 0.869531 0.493750 0.032813 0.133333
0 0.927344 0.490625 0.032813 0.135417
0 0.038281 0.714583 0.076563 0.075000
0 0.959375 0.486458 0.034375 0.135417
0 0.989062 0.530208 0.018750 0.202083
0 0.887500 0.492708 0.021875 0.131250
0 0.842969 0.457292 0.023438 0.081250
0 0.471094 0.428125 0.014063 0.014583
0 0.372656 0.596875 0.057813 0.085417
2 0.411719 0.706250 0.820312 0.404167
2 0.756250 0.535417 0.225000 0.208333
4 0.172656 0.428125 0.054688 0.081250
4 0.332813 0.430208 0.100000 0.122917
2 0.044531 0.465625 0.042188 0.043750
2 0.221875 0.451042 0.065625 0.056250
2 0.242188 0.458333 0.040625 0.054167
2 0.137500 0.458333 0.046875 0.041667
2 0.279687 0.431250 0.015625 0.008333
2 0.103125 0.458333 0.034375 0.037500
2 0.421875 0.476042 0.040625 0.056250
2 0.065625 0.463542 0.015625 0.039583
5 0.325781 0.432292 0.092188 0.127083
5 0.479687 0.468750 0.121875 0.079167
0 0.978125 0.546875 0.043750 0.047917
