1 0.969531 0.906323 0.057813 0.187354
1 0.115625 0.588993 0.012500 0.044496
1 0.090625 0.644028 0.012500 0.074941
2 0.668750 0.626464 0.184375 0.222482
4 0.364844 0.434426 0.370312 0.864169
4 0.144531 0.509368 0.032813 0.156909
4 0.172656 0.468384 0.026562 0.323185
0 0.075781 0.538642 0.026562 0.074941
0 0.770312 0.603044 0.018750 0.096019
0 0.554688 0.583138 0.012500 0.074941
0 0.053125 0.532787 0.018750 0.091335
5 0.926562 0.604215 0.146875 0.327869
0 0.735938 0.567916 0.015625 0.058548
0 0.116406 0.563232 0.020313 0.091335
0 0.582031 0.578454 0.017188 0.060890
0 0.164062 0.497658 0.025000 0.030445
0 0.969531 0.709602 0.060937 0.459016
