1 0.475781 0.721311 0.157812 0.154567
1 0.943750 0.881733 0.109375 0.236534
2 0.557813 0.525761 0.128125 0.086651
3 0.871875 0.688525 0.206250 0.177986
0 0.459375 0.611241 0.103125 0.341920
0 0.976562 0.722482 0.046875 0.377049
0 0.864844 0.587822 0.120313 0.285714
0 0.774219 0.524590 0.032813 0.093677
0 0.357031 0.492974 0.032813 0.049180
0 0.276562 0.503513 0.050000 0.060890
0 0.627344 0.498829 0.051562 0.079625
0 0.963281 0.532787 0.023438 0.077283
0 0.389844 0.502342 0.014063 0.039813
0 0.929688 0.510539 0.034375 0.065574
0 0.499219 0.494145 0.017188 0.037471
0 0.136719 0.492974 0.026562 0.039813
1 0.075781 0.641686 0.117188 0.323185
0 0.235937 0.494145 0.037500 0.056206
0 0.256250 0.500000 0.156250 0.049180
