2 0.832031 0.286111 0.051562 0.044444
2 0.971875 0.326389 0.053125 0.047222
2 0.979688 0.268056 0.037500 0.030556
2 0.705469 0.301389 0.035937 0.041667
6 0.467187 0.487500 0.912500 0.647222
5 0.734375 0.290278 0.046875 0.058333
2 0.905469 0.280556 0.048438 0.044444
2 0.775000 0.293056 0.040625 0.036111
2 0.962500 0.304167 0.056250 0.041667
2 0.655469 0.298611 0.039062 0.041667
2 0.600781 0.290278 0.045312 0.041667
2 0.382812 0.265278 0.031250 0.019444
5 0.514062 0.276389 0.065625 0.075000
5 0.971875 0.326389 0.056250 0.052778
