1 0.857812 0.851042 0.165625 0.289583
4 0.482031 0.489583 0.385937 0.800000
0 0.443750 0.287500 0.034375 0.045833
0 0.412500 0.577083 0.081250 0.083333
0 0.967969 0.620833 0.026562 0.116667
0 0.849219 0.628125 0.029687 0.089583
0 0.701562 0.605208 0.021875 0.039583
0 0.928906 0.617708 0.023438 0.097917
0 0.867969 0.646875 0.032813 0.089583
0 0.988281 0.619792 0.023438 0.156250
0 0.866406 0.601042 0.023438 0.047917
1 0.804688 0.761458 0.037500 0.147917
1 0.853906 0.682292 0.039062 0.031250
2 0.015625 0.667708 0.031250 0.068750
0 0.948438 0.656250 0.046875 0.137500
0 0.877344 0.613542 0.020313 0.072917
0 0.813281 0.637500 0.023438 0.100000
2 0.142969 0.764583 0.285938 0.266667
2 0.276562 0.644792 0.034375 0.072917
2 0.219531 0.657292 0.117188 0.077083
