3 0.183000 0.836364 0.354000 0.296104
3 0.386000 0.793506 0.052000 0.127273
3 0.401000 0.758442 0.062000 0.103896
6 0.532000 0.561039 0.356000 0.379221
0 0.372000 0.758442 0.164000 0.374026
0 0.151000 0.774026 0.138000 0.353247
0 0.254000 0.641558 0.076000 0.124675
0 0.098000 0.681818 0.072000 0.184416
0 0.014000 0.637662 0.024000 0.101299
0 0.294000 0.612987 0.036000 0.062338
3 0.377000 0.692208 0.026000 0.038961
0 0.043000 0.696104 0.082000 0.228571
3 0.824000 0.683117 0.036000 0.051948
3 0.260000 0.741558 0.060000 0.111688
3 0.281000 0.732468 0.026000 0.051948
0 0.196000 0.645455 0.044000 0.070130
0 0.276000 0.632468 0.048000 0.090909
0 0.819000 0.637662 0.030000 0.038961
