0 0.130469 0.764957 0.123438 0.350427
0 0.723437 0.680912 0.075000 0.199430
0 0.860156 0.688034 0.070312 0.247863
0 0.964844 0.659544 0.045312 0.179487
0 0.381250 0.673789 0.078125 0.173789
0 0.765625 0.628205 0.028125 0.128205
0 0.586719 0.756410 0.117188 0.356125
3 0.136719 0.819088 0.223438 0.333333
3 0.277344 0.789174 0.179688 0.284900
0 0.252344 0.695157 0.089063 0.199430
0 0.471094 0.641026 0.079687 0.131054
0 0.935937 0.603989 0.025000 0.079772
0 0.830469 0.602564 0.029687 0.059829
0 0.650000 0.619658 0.031250 0.094017
0 0.517188 0.602564 0.018750 0.042735
3 0.416406 0.779202 0.092188 0.185185
3 0.606250 0.826211 0.281250 0.307692
3 0.871094 0.700855 0.157812 0.205128
3 0.782813 0.803419 0.103125 0.227920
3 0.479687 0.752137 0.031250 0.096866
3 0.682031 0.683761 0.082812 0.125356
3 0.232031 0.860399 0.051562 0.096866
0 0.505469 0.655271 0.985938 0.296296
