2 0.685937 0.513542 0.046875 0.027083
2 0.544531 0.504167 0.023438 0.020833
4 0.597656 0.502083 0.042188 0.087500
0 0.200781 0.651042 0.401562 0.677083
2 0.543750 0.505208 0.021875 0.022917
2 0.491406 0.516667 0.020313 0.033333
2 0.282813 0.544792 0.046875 0.077083
2 0.504687 0.512500 0.018750 0.029167
2 0.455469 0.506250 0.014063 0.025000
2 0.506250 0.479167 0.009375 0.008333
2 0.531250 0.500000 0.012500 0.016667
4 0.367969 0.538542 0.123438 0.118750
5 0.481250 0.576042 0.059375 0.064583
5 0.445312 0.509375 0.018750 0.035417
0 0.478125 0.518750 0.012500 0.037500
0 0.902344 0.541667 0.010937 0.041667
2 0.518750 0.553125 0.015625 0.031250
2 0.642969 0.514583 0.051562 0.025000
0 0.858594 0.914583 0.282813 0.170833
2 0.784375 0.509375 0.062500 0.039583
4 0.532813 0.476042 0.021875 0.035417
5 0.288281 0.518750 0.035937 0.025000
