0 0.851852 0.140625 0.035088 0.056250
2 0.304094 0.232031 0.315789 0.089063
2 0.017544 0.245312 0.035088 0.100000
2 0.172515 0.178906 0.115010 0.054688
0 0.146199 0.192188 0.031189 0.031250
0 0.103314 0.182812 0.035088 0.053125
0 0.637427 0.107031 0.035088 0.020313
0 0.877193 0.125000 0.027290 0.053125
2 0.707602 0.610938 0.584795 0.778125
2 0.061404 0.158594 0.122807 0.110937
2 0.827485 0.208594 0.161793 0.070312
0 0.048733 0.181250 0.058480 0.059375
2 0.500975 0.179688 0.155945 0.090625
0 0.823587 0.139844 0.037037 0.076563
