0 0.567969 0.675644 0.120313 0.625293
0 0.467187 0.489461 0.028125 0.074941
0 0.448437 0.457845 0.018750 0.035129
0 0.760156 0.621780 0.107813 0.377049
0 0.693750 0.570258 0.046875 0.288056
0 0.908594 0.679157 0.145313 0.552693
0 0.674219 0.514052 0.035937 0.161593
3 0.378906 0.764637 0.210938 0.470726
3 0.641406 0.792740 0.164062 0.381733
3 0.474219 0.612412 0.039062 0.096019
3 0.377344 0.540984 0.120313 0.145199
3 0.810937 0.672131 0.043750 0.140515
3 0.965625 0.683841 0.065625 0.276347
0 0.609375 0.530445 0.056250 0.222482
0 0.446875 0.498829 0.028125 0.060890
3 0.370312 0.509368 0.084375 0.091335
3 0.494531 0.507026 0.039062 0.077283
