2 0.067969 0.336798 0.135937 0.153846
2 0.220312 0.324324 0.143750 0.137214
2 0.243750 0.756757 0.487500 0.474012
0 0.491406 0.290021 0.023438 0.064449
0 0.653906 0.282744 0.023438 0.087318
0 0.589063 0.317048 0.034375 0.060291
0 0.627344 0.340956 0.042188 0.116424
0 0.357031 0.304574 0.020313 0.093555
0 0.811719 0.320166 0.035937 0.162162
0 0.667969 0.328482 0.057813 0.095634
0 0.709375 0.273389 0.025000 0.035343
0 0.625781 0.277547 0.026562 0.068607
0 0.477344 0.283784 0.020313 0.056133
0 0.371875 0.302495 0.021875 0.114345
3 0.465625 0.583160 0.831250 0.530146
0 0.708594 0.304574 0.023438 0.051975
0 0.538281 0.294179 0.026562 0.072765
0 0.272656 0.276507 0.020313 0.045738
