1 0.224178 0.764844 0.420188 0.429688
1 0.534038 0.526563 0.246479 0.109375
0 0.752347 0.617188 0.223005 0.596875
0 0.380282 0.446094 0.032864 0.054688
0 0.098592 0.414844 0.023474 0.042188
0 0.873239 0.418750 0.018779 0.034375
0 0.934272 0.412500 0.009390 0.021875
2 0.964789 0.417969 0.061033 0.020313
2 0.902582 0.415625 0.035211 0.018750
2 0.211268 0.400781 0.070423 0.014063
2 0.070423 0.402344 0.042254 0.014063
1 0.798122 0.448437 0.046948 0.031250
1 0.775822 0.450000 0.049296 0.028125
2 0.421362 0.399219 0.030516 0.014063
