2 0.706250 0.756250 0.065625 0.062500
2 0.478125 0.764583 0.093750 0.058333
2 0.582031 0.755208 0.045312 0.043750
2 0.541406 0.755208 0.057813 0.052083
2 0.639062 0.747917 0.031250 0.033333
2 0.617969 0.752083 0.032813 0.037500
2 0.239063 0.722917 0.065625 0.033333
2 0.669531 0.746875 0.032813 0.035417
2 0.345313 0.723958 0.065625 0.035417
2 0.745313 0.738542 0.021875 0.010417
5 0.798438 0.765625 0.081250 0.097917
5 0.192188 0.711458 0.046875 0.035417
5 0.462500 0.731250 0.115625 0.058333
2 0.522656 0.729167 0.020313 0.012500
