2 0.132812 0.546948 0.059375 0.075117
4 0.178125 0.497653 0.253125 0.154930
0 0.110156 0.640845 0.054688 0.239437
0 0.730469 0.615023 0.060937 0.154930
3 0.270313 0.771127 0.225000 0.241784
3 0.725000 0.664319 0.121875 0.112676
3 0.620313 0.645540 0.103125 0.117371
3 0.435937 0.704225 0.200000 0.140845
3 0.117969 0.684272 0.114062 0.147887
3 0.049219 0.623239 0.070312 0.105634
0 0.275000 0.578638 0.050000 0.133803
0 0.442188 0.643192 0.100000 0.215962
0 0.554688 0.610329 0.043750 0.154930
0 0.628906 0.602113 0.057813 0.147887
0 0.702344 0.565728 0.020313 0.065728
3 0.307812 0.629108 0.068750 0.140845
0 0.049219 0.586854 0.035937 0.164319
0 0.336719 0.555164 0.029687 0.082160
0 0.982031 0.584507 0.023438 0.079812
0 0.589063 0.552817 0.021875 0.058685
0 0.904687 0.624413 0.043750 0.159624
3 0.545312 0.627934 0.093750 0.110329
3 0.684375 0.619718 0.040625 0.070423
0 0.465625 0.546948 0.040625 0.065728
3 0.891406 0.686620 0.054688 0.105634
3 0.497656 0.692488 0.995313 0.281690
0 0.478125 0.685446 0.956250 0.450704
