1 0.275176 0.839063 0.367681 0.321875
1 0.351288 0.642969 0.206089 0.082812
1 0.112412 0.850000 0.224824 0.300000
0 0.756440 0.569531 0.135831 0.204687
0 0.339578 0.535156 0.070258 0.132812
0 0.169789 0.518750 0.039813 0.065625
0 0.037471 0.532031 0.042155 0.089063
0 0.703747 0.557813 0.053864 0.134375
0 0.948478 0.650781 0.103044 0.185938
0 0.400468 0.524219 0.032787 0.070312
0 0.399297 0.492969 0.016393 0.020313
1 0.235363 0.845313 0.386417 0.309375
0 0.788056 0.556250 0.053864 0.153125
0 0.374707 0.499219 0.018735 0.023438
0 0.320843 0.500781 0.018735 0.035937
