3 0.238281 0.594792 0.073438 0.102083
3 0.407031 0.529167 0.017188 0.050000
3 0.429688 0.502083 0.015625 0.045833
3 0.034375 0.587500 0.068750 0.112500
3 0.461719 0.619792 0.042188 0.177083
0 0.359375 0.564583 0.059375 0.195833
0 0.853906 0.547917 0.095312 0.175000
0 0.521875 0.505208 0.050000 0.114583
0 0.860938 0.715625 0.171875 0.331250
0 0.154688 0.623958 0.090625 0.252083
0 0.650781 0.594792 0.073438 0.164583
0 0.218750 0.559375 0.075000 0.152083
0 0.405469 0.506250 0.035937 0.091667
0 0.772656 0.485417 0.048438 0.075000
0 0.464844 0.496875 0.089063 0.093750
