1 0.368750 0.794531 0.091667 0.082812
2 0.259375 0.631250 0.427083 0.115625
2 0.957292 0.802344 0.085417 0.242188
4 0.870833 0.535937 0.258333 0.159375
0 0.187500 0.798438 0.262500 0.403125
0 0.232292 0.589844 0.139583 0.104688
0 0.613542 0.565625 0.027083 0.056250
0 0.702083 0.566406 0.029167 0.057813
0 0.747917 0.560937 0.016667 0.056250
0 0.132292 0.562500 0.018750 0.028125
0 0.157292 0.557813 0.014583 0.034375
1 0.028125 0.962500 0.056250 0.071875
0 0.506250 0.564063 0.020833 0.046875
0 0.045833 0.563281 0.020833 0.045312
0 0.055208 0.644531 0.047917 0.142187
0 0.725000 0.540625 0.016667 0.025000
0 0.447917 0.532813 0.012500 0.012500
0 0.081250 0.559375 0.020833 0.037500
0 0.175000 0.631250 0.350000 0.184375
