5 0.766727 0.192188 0.361664 0.143750
0 0.452984 0.307031 0.298373 0.551562
0 0.279385 0.248438 0.106691 0.225000
0 0.690778 0.246875 0.162749 0.200000
0 0.113020 0.263281 0.063291 0.198437
0 0.179928 0.271094 0.048825 0.148438
0 0.175407 0.203906 0.028933 0.073438
0 0.054250 0.256250 0.108499 0.246875
0 0.858047 0.242969 0.041591 0.117188
0 0.205244 0.242969 0.030741 0.129688
0 0.567812 0.196875 0.018083 0.018750
0 0.143761 0.255469 0.045208 0.164062
0 0.237794 0.262500 0.045208 0.159375
2 0.956600 0.199219 0.086799 0.092188
0 0.154611 0.194531 0.016275 0.029687
0 0.330922 0.253906 0.647378 0.167187
