6 0.680469 0.533473 0.639062 0.355649
0 0.336719 0.691423 0.104688 0.433054
0 0.458594 0.561715 0.045312 0.156904
0 0.410156 0.585774 0.029687 0.075314
0 0.416406 0.505230 0.017188 0.089958
0 0.235156 0.472803 0.020313 0.066946
0 0.386719 0.576360 0.026562 0.102510
0 0.405469 0.506276 0.023438 0.079498
0 0.375000 0.501046 0.018750 0.098326
0 0.341406 0.479079 0.026562 0.037657
0 0.444531 0.549163 0.026562 0.148536
0 0.314844 0.504184 0.029687 0.087866
0 0.260937 0.508368 0.021875 0.112971
0 0.283594 0.526151 0.032813 0.089958
