2 0.980469 0.686189 0.035937 0.127622
0 0.421094 0.537587 0.204687 0.417832
0 0.582812 0.417832 0.056250 0.129371
0 0.646094 0.416958 0.164062 0.312937
0 0.853125 0.535839 0.087500 0.250000
0 0.872656 0.481643 0.023438 0.085664
0 0.373437 0.434441 0.056250 0.124126
0 0.906250 0.531469 0.059375 0.223776
0 0.059375 0.622378 0.034375 0.160839
0 0.093750 0.624126 0.043750 0.150350
1 0.092188 0.657343 0.053125 0.094406
2 0.307031 0.655594 0.042188 0.125874
0 0.521875 0.451049 0.059375 0.139860
0 0.749219 0.575175 0.110937 0.223776
1 0.025000 0.671329 0.021875 0.052448
0 0.196875 0.537587 0.175000 0.400350
