2 0.546094 0.587500 0.185938 0.108333
2 0.270313 0.547917 0.071875 0.050000
2 0.188281 0.533333 0.073438 0.045833
2 0.129688 0.532292 0.046875 0.039583
2 0.085938 0.565625 0.081250 0.056250
2 0.098437 0.528125 0.040625 0.035417
3 0.169531 0.580208 0.057813 0.081250
3 0.432812 0.634375 0.081250 0.031250
0 0.449219 0.609375 0.076563 0.077083
0 0.407031 0.545833 0.017188 0.050000
0 0.441406 0.569792 0.039062 0.102083
0 0.361719 0.545833 0.026562 0.050000
0 0.320312 0.573958 0.031250 0.118750
0 0.357031 0.608333 0.042188 0.062500
0 0.160156 0.566667 0.023438 0.054167
1 0.726562 0.610417 0.065625 0.025000
5 0.872656 0.543750 0.254688 0.187500
5 0.110156 0.689583 0.220312 0.404167
5 0.188281 0.535417 0.073438 0.054167
0 0.197656 0.584375 0.035937 0.106250
0 0.478125 0.295833 0.015625 0.062500
0 0.395313 0.558333 0.018750 0.062500
2 0.343750 0.558333 0.028125 0.045833
