2 0.975781 0.413542 0.048438 0.089583
2 0.789062 0.409375 0.050000 0.085417
2 0.632812 0.395833 0.015625 0.033333
3 0.745313 0.755208 0.506250 0.464583
3 0.804688 0.626042 0.193750 0.156250
0 0.110937 0.644792 0.187500 0.710417
0 0.421875 0.487500 0.046875 0.058333
0 0.259375 0.657292 0.081250 0.610417
0 0.384375 0.561458 0.190625 0.318750
0 0.499219 0.477083 0.048438 0.200000
0 0.189062 0.687500 0.081250 0.625000
0 0.435156 0.432292 0.067187 0.197917
3 0.559375 0.621875 0.131250 0.202083
5 0.709375 0.383333 0.125000 0.154167
0 0.253125 0.479167 0.096875 0.166667
0 0.378906 0.396875 0.032813 0.035417
2 0.893750 0.422917 0.143750 0.133333
2 0.643750 0.396875 0.012500 0.035417
2 0.825781 0.401042 0.039062 0.072917
3 0.510156 0.564583 0.082812 0.200000
3 0.695312 0.579167 0.109375 0.054167
