2 0.500000 0.557292 1.000000 0.627083
4 0.332031 0.209375 0.351562 0.172917
0 0.302344 0.287500 0.026562 0.066667
4 0.042969 0.196875 0.085938 0.222917
0 0.202344 0.338542 0.095312 0.135417
0 0.410156 0.247917 0.042188 0.075000
0 0.704688 0.386458 0.131250 0.139583
0 0.871875 0.159375 0.059375 0.081250
0 0.316406 0.251042 0.054688 0.114583
0 0.069531 0.356250 0.107813 0.120833
0 0.440625 0.327083 0.234375 0.270833
0 0.767188 0.210417 0.050000 0.087500
0 0.035156 0.317708 0.070312 0.152083
0 0.116406 0.356250 0.114062 0.100000
0 0.261719 0.312500 0.064062 0.129167
0 0.457813 0.235417 0.034375 0.070833
0 0.544531 0.253125 0.907813 0.268750
