5 0.726562 0.642019 0.540625 0.683099
0 0.454688 0.539906 0.206250 0.586854
0 0.258594 0.501174 0.057813 0.251174
0 0.214062 0.400235 0.018750 0.091549
0 0.177344 0.382629 0.014063 0.032864
0 0.142187 0.397887 0.031250 0.110329
0 0.164062 0.404930 0.018750 0.082160
0 0.190625 0.407277 0.028125 0.077465
0 0.247656 0.388498 0.020313 0.053991
0 0.745313 0.393192 0.068750 0.072770
0 0.353906 0.430751 0.035937 0.110329
0 0.371875 0.392019 0.025000 0.061033
0 0.336719 0.407277 0.023438 0.086854
0 0.310156 0.505869 0.057813 0.246479
0 0.068750 0.395540 0.056250 0.138498
