6 0.571094 0.656977 0.379688 0.346512
0 0.417969 0.716279 0.035937 0.158140
1 0.886719 0.739535 0.020313 0.060465
1 0.811719 0.743023 0.017188 0.067442
1 0.831250 0.731395 0.021875 0.081395
1 0.781250 0.741860 0.025000 0.065116
1 0.877344 0.731395 0.007812 0.034884
1 0.914062 0.738372 0.025000 0.062791
1 0.760938 0.731395 0.031250 0.081395
1 0.957031 0.716279 0.020313 0.060465
1 0.792188 0.697674 0.018750 0.032558
1 0.940625 0.718605 0.028125 0.055814
1 0.980469 0.710465 0.014063 0.067442
1 0.803906 0.740698 0.007812 0.048837
2 0.975781 0.676744 0.029687 0.023256
2 0.963281 0.672093 0.039062 0.023256
1 0.849219 0.750000 0.007812 0.044186
5 0.896875 0.674419 0.040625 0.023256
1 0.421094 0.715116 0.048438 0.165116
