1 0.022000 0.665782 0.020000 0.100796
4 0.511000 0.538462 0.202000 0.100796
0 0.021000 0.619363 0.042000 0.119363
0 0.305000 0.635279 0.042000 0.039788
0 0.617000 0.701592 0.062000 0.061008
0 0.815000 0.705570 0.062000 0.074271
2 0.505000 0.798408 0.382000 0.381963
2 0.851000 0.730769 0.298000 0.236074
2 0.317000 0.704244 0.182000 0.220159
2 0.661000 0.676393 0.146000 0.148541
2 0.275000 0.625995 0.142000 0.190981
2 0.170000 0.614058 0.032000 0.087533
2 0.144000 0.583554 0.052000 0.058355
2 0.110000 0.576923 0.064000 0.055703
2 0.511000 0.602122 0.126000 0.037135
2 0.052000 0.596817 0.048000 0.079576
2 0.201000 0.631300 0.030000 0.127321
4 0.424000 0.511936 0.132000 0.143236
5 0.802000 0.420424 0.392000 0.405836
2 0.235000 0.519894 0.034000 0.026525
5 0.775000 0.866048 0.450000 0.267905
2 0.031000 0.625995 0.062000 0.127321
2 0.253000 0.529178 0.414000 0.262599
