3 0.455469 0.545833 0.489063 0.458333
0 0.468750 0.419792 0.234375 0.497917
0 0.300781 0.272917 0.054688 0.216667
0 0.639844 0.292708 0.051562 0.202083
0 0.142969 0.125000 0.048438 0.166667
0 0.413281 0.247917 0.048438 0.191667
0 0.704688 0.283333 0.050000 0.245833
0 0.734375 0.283333 0.053125 0.229167
0 0.907813 0.402083 0.109375 0.445833
0 0.515625 0.212500 0.037500 0.112500
0 0.096094 0.127083 0.032813 0.254167
0 0.294531 0.220833 0.067187 0.195833
0 0.945312 0.283333 0.040625 0.112500
0 0.270313 0.189583 0.028125 0.120833
