0 0.594531 0.176606 0.026562 0.123853
0 0.444531 0.167431 0.042188 0.169725
0 0.343750 0.172018 0.034375 0.142202
0 0.130469 0.472477 0.029687 0.220183
0 0.850781 0.747706 0.045312 0.247706
0 0.907031 0.821101 0.042188 0.174312
0 0.946094 0.814220 0.042188 0.215596
0 0.878906 0.128440 0.020313 0.045872
0 0.858594 0.155963 0.014063 0.119266
0 0.938281 0.059633 0.014063 0.045872
0 0.428125 0.089450 0.028125 0.123853
0 0.896875 0.188073 0.018750 0.110092
0 0.911719 0.201835 0.010937 0.110092
0 0.863281 0.167431 0.270313 0.334862
