1 0.710156 0.759804 0.357812 0.352941
2 0.496094 0.283088 0.217188 0.316176
2 0.257812 0.196078 0.162500 0.200980
2 0.352344 0.116422 0.157812 0.188725
2 0.565625 0.071078 0.046875 0.098039
0 0.671875 0.637255 0.165625 0.627451
0 0.903906 0.234069 0.064062 0.311275
0 0.322656 0.057598 0.032813 0.046569
0 0.241406 0.055147 0.023438 0.026961
2 0.832031 0.095588 0.051562 0.088235
5 0.100781 0.221814 0.201563 0.365196
2 0.700000 0.104167 0.034375 0.144608
2 0.572656 0.171569 0.060937 0.107843
2 0.841406 0.678922 0.317188 0.313725
2 0.487500 0.064951 0.115625 0.129902
2 0.882031 0.852941 0.235937 0.294118
2 0.250781 0.057598 0.089063 0.085784
2 0.161719 0.062500 0.029687 0.051471
5 0.494531 0.064951 0.123438 0.129902
0 0.882812 0.053922 0.028125 0.107843
