1 0.879687 0.525000 0.112500 0.270833
1 0.810156 0.529167 0.085938 0.295833
3 0.065625 0.653125 0.131250 0.306250
3 0.173437 0.513542 0.153125 0.360417
3 0.325781 0.496875 0.142187 0.235417
3 0.141406 0.362500 0.048438 0.075000
0 0.063281 0.363542 0.051562 0.152083
0 0.575000 0.321875 0.068750 0.289583
1 0.864062 0.548958 0.062500 0.247917
0 0.114844 0.298958 0.017188 0.052083
0 0.098437 0.298958 0.012500 0.031250
0 0.034375 0.817708 0.068750 0.364583
0 0.085156 0.298958 0.007812 0.035417
2 0.011719 0.321875 0.023438 0.060417
3 0.199219 0.336458 0.035937 0.081250
3 0.171094 0.354167 0.026562 0.062500
0 0.132812 0.300000 0.018750 0.029167
0 0.042969 0.421875 0.085938 0.210417
0 0.025000 0.317708 0.037500 0.114583
0 0.485938 0.373958 0.165625 0.306250
0 0.522656 0.259375 0.039062 0.102083
