4 0.460156 0.508333 0.735938 0.716667
0 0.390625 0.280556 0.037500 0.066667
0 0.350000 0.293056 0.031250 0.047222
0 0.325000 0.279167 0.040625 0.075000
0 0.539844 0.255556 0.020313 0.066667
0 0.256250 0.305556 0.018750 0.038889
0 0.567969 0.255556 0.035937 0.094444
0 0.215625 0.300000 0.018750 0.044444
0 0.182031 0.295833 0.020313 0.030556
0 0.278125 0.280556 0.034375 0.072222
0 0.514844 0.262500 0.039062 0.086111
0 0.131250 0.276389 0.015625 0.025000
0 0.609375 0.261111 0.046875 0.072222
0 0.294531 0.301389 0.023438 0.036111
0 0.678125 0.243056 0.181250 0.102778
