2 0.711719 0.524648 0.064062 0.072770
2 0.665625 0.436620 0.043750 0.046948
2 0.396094 0.383803 0.048438 0.049296
2 0.329688 0.390845 0.037500 0.049296
2 0.669531 0.353286 0.026562 0.039906
2 0.457813 0.330986 0.018750 0.023474
5 0.628125 0.338028 0.056250 0.122066
5 0.970313 0.693662 0.056250 0.368545
5 0.436719 0.307512 0.026562 0.056338
5 0.382812 0.341549 0.050000 0.068075
5 0.463281 0.299296 0.020313 0.039906
5 0.491406 0.291080 0.014063 0.028169
5 0.735938 0.409624 0.053125 0.068075
2 0.267188 0.534038 0.065625 0.077465
2 0.437500 0.345070 0.025000 0.037559
2 0.487500 0.311033 0.012500 0.016432
