1 0.917969 0.529750 0.164062 0.195777
1 0.853906 0.517274 0.123438 0.197697
0 0.328906 0.477927 0.110937 0.433781
0 0.758594 0.520154 0.157812 0.368522
0 0.525781 0.344530 0.054688 0.166987
0 0.430469 0.316699 0.032813 0.126679
0 0.399219 0.312860 0.029687 0.126679
0 0.139063 0.330134 0.034375 0.130518
0 0.960156 0.351248 0.054688 0.188100
0 0.746875 0.329175 0.025000 0.078695
0 0.815625 0.349328 0.025000 0.099808
0 0.795312 0.344530 0.021875 0.105566
0 0.885156 0.349328 0.045312 0.145873
0 0.065625 0.435701 0.059375 0.069098
1 0.950781 0.575816 0.098437 0.138196
0 0.605469 0.360845 0.035937 0.049904
0 0.553906 0.362764 0.889062 0.176583
