3 0.592969 0.668998 0.342187 0.587413
3 0.815625 0.559441 0.196875 0.414918
3 0.232813 0.665501 0.240625 0.515152
3 0.411719 0.479021 0.204687 0.393939
0 0.620313 0.548951 0.287500 0.687646
0 0.196094 0.515152 0.267188 0.713287
0 0.612500 0.213287 0.050000 0.151515
0 0.275781 0.160839 0.045312 0.125874
0 0.342969 0.124709 0.020313 0.053613
0 0.396094 0.353147 0.167187 0.347319
0 0.064844 0.376457 0.095312 0.282051
0 0.753125 0.299534 0.134375 0.184149
0 0.529687 0.248252 0.078125 0.188811
0 0.060156 0.265734 0.114062 0.167832
0 0.053906 0.516317 0.107813 0.431235
0 0.834375 0.284382 0.062500 0.233100
3 0.272656 0.336830 0.057813 0.184149
0 0.900781 0.264569 0.060937 0.268065
0 0.500000 0.498834 0.996875 0.997669
