3 0.551562 0.617295 0.337500 0.594178
0 0.828125 0.428938 0.062500 0.220890
0 0.755469 0.433219 0.070312 0.335616
0 0.637500 0.326199 0.034375 0.049658
0 0.372656 0.391267 0.089063 0.255137
0 0.482812 0.323630 0.065625 0.150685
0 0.727344 0.337329 0.054688 0.136986
0 0.663281 0.307363 0.023438 0.046233
0 0.326562 0.381849 0.043750 0.219178
0 0.681250 0.355308 0.065625 0.159247
0 0.795312 0.404966 0.050000 0.244863
2 0.987500 0.538527 0.025000 0.145548
0 0.507031 0.511986 0.160938 0.517123
2 0.151562 0.361301 0.300000 0.253425
0 0.859375 0.399829 0.053125 0.217466
0 0.918750 0.440925 0.078125 0.340753
0 0.633594 0.428938 0.729688 0.347603
