0 0.207031 0.788542 0.017188 0.039583
0 0.314844 0.688542 0.007812 0.018750
2 0.517969 0.748958 0.042188 0.047917
2 0.372656 0.755208 0.045312 0.039583
2 0.583594 0.694792 0.023438 0.022917
2 0.780469 0.633333 0.010937 0.008333
2 0.785937 0.635417 0.009375 0.008333
2 0.245312 0.719792 0.031250 0.035417
2 0.632812 0.666667 0.018750 0.016667
2 0.378906 0.693750 0.026562 0.025000
2 0.553125 0.669792 0.021875 0.014583
3 0.205469 0.803125 0.023438 0.031250
2 0.187500 0.744792 0.034375 0.031250
5 0.518750 0.746875 0.040625 0.052083
5 0.363281 0.902083 0.104688 0.116667
0 0.293750 0.665625 0.012500 0.027083
0 0.311719 0.663542 0.004687 0.018750
2 0.100781 0.764583 0.023438 0.045833
2 0.418750 0.717708 0.818750 0.214583
