1 0.534375 0.769792 0.365625 0.460417
2 0.810156 0.413542 0.379688 0.631250
2 0.246094 0.234375 0.210938 0.193750
0 0.432812 0.460417 0.259375 0.741667
1 0.111719 0.650000 0.217188 0.266667
1 0.166406 0.805208 0.332813 0.368750
1 0.447656 0.954167 0.317188 0.070833
2 0.696875 0.042708 0.046875 0.031250
2 0.657813 0.062500 0.056250 0.037500
1 0.039844 0.591667 0.079687 0.354167
1 0.032031 0.407292 0.064062 0.122917
2 0.882031 0.028125 0.035937 0.027083
2 0.540625 0.067708 0.031250 0.027083
2 0.138281 0.079167 0.039062 0.033333
5 0.064062 0.118750 0.128125 0.220833
0 0.096875 0.088542 0.012500 0.035417
2 0.839844 0.020833 0.048438 0.025000
2 0.098437 0.079167 0.025000 0.020833
0 0.400000 0.153125 0.059375 0.185417
0 0.293750 0.342708 0.050000 0.239583
0 0.284375 0.130208 0.028125 0.089583
0 0.553125 0.356250 0.237500 0.695833
