1 0.170313 0.340326 0.278125 0.433566
3 0.532031 0.550117 0.598437 0.820513
0 0.942187 0.170163 0.056250 0.270396
0 0.873437 0.146853 0.050000 0.256410
0 0.809375 0.072261 0.062500 0.102564
0 0.771875 0.092075 0.071875 0.100233
0 0.349219 0.117716 0.035937 0.151515
0 0.976562 0.182984 0.043750 0.268065
0 0.305469 0.062937 0.023438 0.069930
0 0.716406 0.097902 0.039062 0.167832
0 0.327344 0.066434 0.017188 0.058275
0 0.242188 0.071096 0.021875 0.062937
0 0.542969 0.060606 0.045312 0.079254
0 0.459375 0.066434 0.037500 0.076923
2 0.707812 0.130536 0.221875 0.149184
