6 0.566667 0.606357 0.803333 0.689487
0 0.286667 0.270171 0.070000 0.168704
0 0.643333 0.315403 0.040000 0.078240
0 0.681667 0.306846 0.043333 0.085575
0 0.724167 0.312958 0.055000 0.088020
0 0.770000 0.312958 0.016667 0.053790
0 0.837500 0.309291 0.078333 0.114914
0 0.451667 0.317848 0.026667 0.029340
0 0.958333 0.306846 0.016667 0.066015
0 0.358333 0.295844 0.026667 0.039120
0 0.328333 0.264059 0.046667 0.092910
0 0.588333 0.310513 0.043333 0.063570
0 0.517500 0.305623 0.045000 0.068460
0 0.902500 0.304401 0.068333 0.110024
0 0.565000 0.398533 0.786667 0.259169
