2 0.231250 0.528125 0.396875 0.310417
2 0.766406 0.484375 0.464062 0.218750
2 0.663281 0.442708 0.189062 0.077083
2 0.348438 0.487500 0.231250 0.175000
1 0.546875 0.657292 0.140625 0.406250
1 0.378125 0.650000 0.153125 0.445833
1 0.298438 0.639583 0.146875 0.454167
1 0.236719 0.620833 0.154688 0.504167
1 0.742969 0.648958 0.101562 0.335417
1 0.466406 0.663542 0.126562 0.402083
1 0.825781 0.615625 0.148438 0.393750
1 0.678906 0.642708 0.157812 0.389583
1 0.952344 0.844792 0.095312 0.310417
1 0.925000 0.618750 0.150000 0.345833
1 0.060156 0.783333 0.120313 0.279167
1 0.887500 0.552083 0.068750 0.158333
