0 0.051562 0.968354 0.031250 0.063291
0 0.763281 0.952080 0.020313 0.041591
0 0.492969 0.962025 0.017188 0.061483
0 0.078125 0.967450 0.025000 0.065099
0 0.464844 0.965642 0.023438 0.050633
2 0.626563 0.971067 0.134375 0.054250
2 0.836719 0.956600 0.054688 0.032550
2 0.740625 0.972875 0.062500 0.047016
0 0.292187 0.958409 0.037500 0.057866
0 0.827344 0.933092 0.010937 0.014467
2 0.935937 0.953888 0.043750 0.037975
2 0.396094 0.985533 0.154688 0.028933
2 0.966406 0.952080 0.032813 0.030741
2 0.815625 0.978300 0.131250 0.039783
2 0.247656 0.990958 0.182812 0.018083
2 0.893750 0.931284 0.012500 0.010850
0 0.740625 0.937613 0.018750 0.023508
0 0.950781 0.942134 0.010937 0.014467
0 0.971875 0.930380 0.006250 0.012658
3 0.908594 0.952984 0.010937 0.018083
0 0.016406 0.966546 0.032813 0.063291
0 0.545312 0.979204 0.050000 0.041591
2 0.887500 0.941230 0.037500 0.023508
2 0.912500 0.928571 0.015625 0.009042
