4 0.266406 0.614754 0.460938 0.625293
0 0.542969 0.644028 0.020313 0.056206
0 0.692969 0.658080 0.023438 0.084309
0 0.391406 0.566745 0.085938 0.154567
0 0.679688 0.649883 0.009375 0.053864
0 0.827344 0.660422 0.014063 0.098361
0 0.564063 0.640515 0.015625 0.039813
2 0.032813 0.700234 0.065625 0.243560
5 0.921094 0.581967 0.157812 0.798595
0 0.517969 0.640515 0.007812 0.035129
0 0.503906 0.638173 0.010937 0.044496
5 0.767188 0.668618 0.109375 0.133489
2 0.767188 0.670960 0.112500 0.133489
2 0.707031 0.655738 0.023438 0.079625
0 0.842187 0.666276 0.012500 0.086651
0 0.817187 0.642857 0.009375 0.035129
0 0.629687 0.653396 0.012500 0.065574
