1 0.494371 0.667969 0.065666 0.117188
2 0.559099 0.576562 0.063790 0.025000
2 0.391182 0.572656 0.061914 0.039062
2 0.224203 0.576562 0.028143 0.015625
2 0.185741 0.579688 0.026266 0.015625
4 0.309568 0.561719 0.131332 0.095312
0 0.490619 0.614844 0.076923 0.154688
0 0.149156 0.836719 0.170732 0.320312
5 0.803940 0.601562 0.392120 0.250000
0 0.051595 0.853906 0.103189 0.148438
0 0.903377 0.519531 0.043152 0.029687
2 0.429644 0.575781 0.033771 0.023438
2 0.491557 0.583594 0.090056 0.039062
2 0.216698 0.574219 0.020638 0.017188
2 0.543152 0.566406 0.043152 0.017188
2 0.445591 0.570312 0.016886 0.009375
2 0.242026 0.578906 0.015009 0.029687
