2 0.820000 0.543000 0.217143 0.130000
0 0.607143 0.662000 0.242857 0.420000
0 0.835714 0.549000 0.088571 0.146000
0 0.235714 0.509000 0.100000 0.162000
0 0.298571 0.464000 0.065714 0.052000
0 0.167143 0.463000 0.065714 0.070000
0 0.151429 0.535000 0.051429 0.110000
0 0.117143 0.470000 0.045714 0.068000
0 0.508571 0.463000 0.034286 0.038000
0 0.302857 0.528000 0.040000 0.116000
0 0.081429 0.462000 0.020000 0.064000
0 0.090000 0.533000 0.037143 0.118000
0 0.595714 0.506000 0.042857 0.080000
0 0.420000 0.530000 0.045714 0.088000
0 0.517143 0.546000 0.851429 0.220000
