2 0.089063 0.536458 0.056250 0.060417
4 0.507812 0.455208 0.787500 0.602083
0 0.617188 0.517708 0.046875 0.068750
0 0.410156 0.268750 0.032813 0.054167
0 0.334375 0.288542 0.028125 0.043750
0 0.019531 0.535417 0.017188 0.087500
0 0.600000 0.211458 0.043750 0.077083
0 0.720313 0.258333 0.071875 0.045833
0 0.739062 0.261458 0.053125 0.068750
0 0.242188 0.315625 0.018750 0.031250
0 0.214844 0.314583 0.017188 0.041667
0 0.376563 0.280208 0.031250 0.047917
0 0.714844 0.509375 0.048438 0.072917
0 0.032031 0.530208 0.014063 0.064583
0 0.006250 0.526042 0.012500 0.047917
0 0.415625 0.282292 0.528125 0.139583
