1 0.424000 0.806647 0.448000 0.356495
1 0.223000 0.729607 0.182000 0.299094
1 0.730000 0.611782 0.168000 0.154079
2 0.113000 0.570997 0.222000 0.175227
2 0.686000 0.489426 0.212000 0.138973
2 0.485000 0.512085 0.142000 0.093656
2 0.555000 0.493958 0.094000 0.087613
0 0.433000 0.666163 0.254000 0.637462
0 0.221000 0.604230 0.142000 0.410876
0 0.966000 0.474320 0.028000 0.114804
0 0.080000 0.507553 0.052000 0.090634
0 0.113000 0.469789 0.030000 0.039275
0 0.034000 0.525680 0.028000 0.102719
5 0.228000 0.490937 0.184000 0.178248
0 0.793000 0.574018 0.022000 0.054381
0 0.174000 0.466767 0.040000 0.045317
0 0.673000 0.540785 0.158000 0.296073
0 0.924000 0.546828 0.068000 0.187311
1 0.670000 0.684290 0.192000 0.214502
2 0.326000 0.490937 0.052000 0.063444
2 0.013000 0.519637 0.026000 0.054381
0 0.991000 0.457704 0.018000 0.093656
0 0.729000 0.441088 0.082000 0.132931
