2 0.781250 0.550588 0.025000 0.080000
2 0.732812 0.515294 0.034375 0.028235
0 0.452344 0.514118 0.042188 0.105882
0 0.360938 0.535294 0.087500 0.195294
0 0.789062 0.529412 0.096875 0.291765
0 0.253906 0.509412 0.014063 0.054118
0 0.627344 0.529412 0.051562 0.136471
0 0.603125 0.514118 0.028125 0.058824
0 0.853125 0.534118 0.087500 0.320000
0 0.549219 0.512941 0.014063 0.047059
0 0.484375 0.491765 0.015625 0.023529
0 0.321875 0.505882 0.012500 0.042353
2 0.412500 0.485882 0.025000 0.016471
3 0.111719 0.677647 0.157812 0.461176
3 0.642188 0.561176 0.071875 0.134118
3 0.447656 0.543529 0.064062 0.098824
3 0.485938 0.528235 0.028125 0.058824
3 0.141406 0.509412 0.042188 0.035294
3 0.161719 0.501176 0.020313 0.047059
3 0.558594 0.520000 0.045312 0.065882
3 0.894531 0.632941 0.210938 0.428235
3 0.365625 0.571765 0.075000 0.183529
3 0.682813 0.523529 0.012500 0.035294
3 0.246094 0.521176 0.057813 0.035294
0 0.039844 0.557647 0.079687 0.729412
3 0.754687 0.527059 0.018750 0.028235
3 0.497656 0.518824 0.020313 0.058824
0 0.589844 0.497647 0.007812 0.025882
0 0.680469 0.504706 0.014063 0.035294
0 0.444531 0.500000 0.642188 0.063529
3 0.572656 0.627059 0.542188 0.261176
