3 0.567969 0.718824 0.082812 0.181176
3 0.246875 0.695294 0.037500 0.082353
3 0.514062 0.623529 0.025000 0.056471
0 0.848437 0.715294 0.043750 0.244706
0 0.564844 0.674118 0.073438 0.200000
0 0.755469 0.647059 0.026562 0.117647
0 0.734375 0.652941 0.025000 0.105882
0 0.535937 0.642353 0.028125 0.117647
0 0.340625 0.652941 0.053125 0.134118
0 0.891406 0.731765 0.042188 0.202353
0 0.379688 0.578824 0.015625 0.028235
2 0.396094 0.657647 0.082812 0.120000
2 0.662500 0.652941 0.128125 0.105882
2 0.954688 0.729412 0.090625 0.192941
0 0.765625 0.604706 0.009375 0.018824
2 0.822656 0.645882 0.120313 0.101176
2 0.904687 0.634118 0.071875 0.049412
2 0.600000 0.611765 0.043750 0.051765
2 0.135156 0.643529 0.082812 0.105882
2 0.013281 0.677647 0.026562 0.131765
2 0.067187 0.647059 0.081250 0.131765
2 0.953906 0.674118 0.089063 0.120000
2 0.289062 0.623529 0.078125 0.108235
3 0.335156 0.703529 0.042188 0.094118
0 0.514062 0.601176 0.018750 0.063529
2 0.542969 0.548235 0.023438 0.018824
2 0.620313 0.582353 0.050000 0.030588
0 0.257031 0.641176 0.045312 0.124706
2 0.507031 0.627059 0.832812 0.195294
