2 0.837500 0.343949 0.068750 0.080679
2 0.842969 0.248408 0.054688 0.055202
2 0.739844 0.202760 0.054688 0.036093
2 0.620313 0.173036 0.043750 0.031847
4 0.474219 0.452229 0.560937 0.407643
2 0.545312 0.152866 0.037500 0.029724
2 0.511719 0.148620 0.032813 0.029724
0 0.501563 0.401274 0.018750 0.038217
0 0.533594 0.388535 0.020313 0.042463
0 0.426563 0.426752 0.031250 0.055202
0 0.591406 0.347134 0.020313 0.023355
0 0.612500 0.370488 0.025000 0.044586
0 0.638281 0.364119 0.023438 0.040340
2 0.469531 0.148620 0.020313 0.025478
2 0.421875 0.132696 0.037500 0.027601
3 0.697656 0.195329 0.017188 0.025478
0 0.660937 0.352442 0.021875 0.042463
0 0.560156 0.354565 0.035937 0.033970
0 0.403906 0.407643 0.010937 0.038217
0 0.728125 0.328025 0.009375 0.027601
2 0.489063 0.139066 0.021875 0.019108
5 0.435156 0.149682 0.020313 0.027601
0 0.685156 0.351380 0.014063 0.031847
0 0.463281 0.407643 0.029687 0.038217
0 0.695312 0.181529 0.028125 0.036093
