1 0.555469 0.752941 0.148438 0.305882
2 0.178906 0.249412 0.207813 0.150588
2 0.923438 0.236471 0.043750 0.087059
5 0.850000 0.182353 0.081250 0.148235
0 0.430469 0.517647 0.151562 0.517647
0 0.324219 0.289412 0.095312 0.202353
0 0.238281 0.643529 0.476562 0.712941
0 0.504687 0.256471 0.031250 0.117647
2 0.646094 0.194118 0.026562 0.030588
2 0.689844 0.190588 0.020313 0.037647
2 0.260937 0.216471 0.078125 0.070588
2 0.656250 0.172941 0.015625 0.016471
0 0.557813 0.250588 0.021875 0.105882
0 0.573438 0.194118 0.009375 0.030588
0 0.532813 0.252941 0.025000 0.101176
0 0.564844 0.194118 0.010937 0.025882
0 0.717969 0.210588 0.017188 0.072941
0 0.501563 0.202353 0.009375 0.028235
0 0.492969 0.209412 0.014063 0.047059
1 0.720313 0.235294 0.043750 0.056471
1 0.890625 0.265882 0.025000 0.047059
2 0.781250 0.200000 0.084375 0.169412
2 0.722656 0.190588 0.023438 0.032941
0 0.892969 0.231765 0.026562 0.115294
5 0.397656 0.238824 0.123438 0.152941
0 0.585938 0.196471 0.006250 0.040000
0 0.792969 0.254118 0.395313 0.169412
