0 0.357812 0.631455 0.137500 0.342723
0 0.475781 0.473005 0.060937 0.218310
0 0.880469 0.374413 0.029687 0.115023
0 0.554688 0.355634 0.037500 0.077465
0 0.528125 0.350939 0.043750 0.068075
0 0.098437 0.313380 0.025000 0.091549
0 0.141406 0.272300 0.017188 0.112676
0 0.695312 0.403756 0.053125 0.211268
1 0.495312 0.286385 0.046875 0.046948
1 0.535937 0.287559 0.043750 0.053991
1 0.610938 0.294601 0.043750 0.049296
1 0.678125 0.313380 0.015625 0.021127
0 0.302344 0.345070 0.089063 0.291080
0 0.228125 0.259390 0.021875 0.044601
0 0.454688 0.308685 0.012500 0.053991
0 0.612500 0.282864 0.025000 0.077465
1 0.757812 0.294601 0.046875 0.039906
0 0.585156 0.327465 0.026562 0.053991
1 0.644531 0.295775 0.020313 0.046948
1 0.392188 0.273474 0.040625 0.049296
0 0.442188 0.291080 0.865625 0.211268
