2 0.887500 0.170833 0.221875 0.204167
2 0.778125 0.078125 0.121875 0.064583
2 0.397656 0.035417 0.039062 0.033333
2 0.231250 0.053125 0.050000 0.052083
3 0.471094 0.526042 0.748437 0.535417
0 0.235937 0.063542 0.053125 0.127083
0 0.553906 0.076042 0.032813 0.102083
0 0.487500 0.041667 0.018750 0.045833
0 0.807813 0.090625 0.025000 0.068750
0 0.839844 0.082292 0.020313 0.056250
0 0.135937 0.027083 0.031250 0.054167
2 0.350781 0.012500 0.029687 0.025000
2 0.887500 0.057292 0.081250 0.052083
2 0.382031 0.019792 0.039062 0.027083
