0 0.653125 0.102083 0.084375 0.183333
0 0.260937 0.477083 0.240625 0.691667
0 0.407813 0.182292 0.059375 0.160417
0 0.657031 0.533333 0.326562 0.908333
0 0.321094 0.179167 0.064062 0.141667
0 0.475781 0.218750 0.110937 0.283333
0 0.384375 0.093750 0.115625 0.162500
0 0.354687 0.270833 0.084375 0.195833
0 0.192188 0.167708 0.071875 0.239583
0 0.271875 0.132292 0.050000 0.072917
0 0.290625 0.095833 0.084375 0.141667
0 0.988281 0.147917 0.023438 0.158333
0 0.214844 0.183333 0.060937 0.179167
0 0.342187 0.168750 0.559375 0.300000
