1 0.302065 0.721739 0.080895 0.208696
1 0.232358 0.693913 0.044750 0.160000
1 0.152324 0.505217 0.149742 0.092174
2 0.683305 0.518261 0.265060 0.128696
2 0.916523 0.520870 0.163511 0.168696
2 0.827022 0.545217 0.039587 0.116522
2 0.515491 0.300870 0.104991 0.055652
4 0.666954 0.435652 0.600688 0.206957
4 0.145439 0.439130 0.287435 0.231304
4 0.321859 0.426957 0.089501 0.182609
0 0.232358 0.623478 0.068847 0.241739
0 0.314974 0.623478 0.120482 0.273043
0 0.444062 0.407826 0.030981 0.046957
2 0.783133 0.453913 0.172117 0.080000
4 0.149742 0.286957 0.113597 0.083478
0 0.160069 0.617391 0.089501 0.295652
1 0.168675 0.699130 0.068847 0.166957
2 0.790017 0.484348 0.041308 0.046957
2 0.827022 0.503478 0.074010 0.085217
