2 0.895312 0.833819 0.175000 0.122449
2 0.641406 0.814869 0.123438 0.078717
2 0.346875 0.845481 0.068750 0.087464
0 0.107031 0.845481 0.042188 0.221574
0 0.063281 0.852770 0.039062 0.195335
0 0.186719 0.848397 0.032813 0.134111
0 0.982812 0.857143 0.034375 0.221574
0 0.216406 0.829446 0.020313 0.090379
0 0.239063 0.826531 0.015625 0.096210
0 0.260937 0.827988 0.012500 0.093294
0 0.275781 0.829446 0.017188 0.096210
0 0.732812 0.801749 0.015625 0.093294
0 0.661719 0.827988 0.026562 0.093294
0 0.517188 0.809038 0.015625 0.078717
0 0.296094 0.860058 0.042188 0.180758
0 0.357812 0.858601 0.025000 0.125364
2 0.875781 0.781341 0.132812 0.069971
0 0.557813 0.793003 0.718750 0.128280
