0 0.483594 0.720657 0.032813 0.154930
0 0.517188 0.727700 0.034375 0.140845
0 0.942969 0.707746 0.029687 0.138498
0 0.966406 0.672535 0.026562 0.072770
0 0.324219 0.723005 0.032813 0.154930
0 0.303125 0.720657 0.031250 0.145540
0 0.260156 0.721831 0.029687 0.143192
0 0.852344 0.714789 0.029687 0.147887
0 0.706250 0.725352 0.028125 0.136150
4 0.790625 0.606808 0.075000 0.072770
0 0.915625 0.723005 0.034375 0.140845
0 0.669531 0.719484 0.023438 0.138498
0 0.421094 0.721831 0.035937 0.143192
0 0.606250 0.733568 0.034375 0.133803
