0 0.355208 0.626563 0.439583 0.359375
0 0.904167 0.507031 0.191667 0.226562
0 0.067708 0.792969 0.127083 0.373437
0 0.045833 0.283594 0.091667 0.298438
0 0.572917 0.279687 0.062500 0.134375
0 0.489583 0.265625 0.066667 0.106250
0 0.311458 0.267188 0.064583 0.134375
0 0.270833 0.266406 0.041667 0.123438
0 0.440625 0.259375 0.060417 0.103125
0 0.890625 0.779687 0.218750 0.440625
0 0.909375 0.517969 0.160417 0.129688
0 0.875000 0.319531 0.104167 0.226562
4 0.901042 0.216406 0.139583 0.057813
0 0.961458 0.282813 0.052083 0.100000
0 0.522917 0.271875 0.879167 0.137500
