2 0.157031 0.769792 0.198437 0.127083
2 0.914062 0.693750 0.153125 0.045833
2 0.143750 0.727083 0.165625 0.112500
2 0.856250 0.737500 0.150000 0.104167
2 0.461719 0.704167 0.057813 0.041667
2 0.553125 0.689583 0.031250 0.037500
2 0.421094 0.729167 0.101562 0.083333
2 0.798438 0.685417 0.015625 0.029167
5 0.322656 0.731250 0.164062 0.133333
2 0.571094 0.685417 0.035937 0.045833
2 0.035156 0.753125 0.070312 0.089583
2 0.764844 0.684375 0.032813 0.031250
2 0.720313 0.685417 0.021875 0.020833
2 0.547656 0.690625 0.664062 0.077083
