1 0.682813 0.884381 0.043750 0.073022
1 0.638281 0.850913 0.032813 0.062880
1 0.317188 0.758621 0.053125 0.048682
2 0.145313 0.692698 0.131250 0.058824
4 0.491406 0.722110 0.404687 0.133874
0 0.467969 0.910751 0.039062 0.129817
0 0.443750 0.878296 0.031250 0.125761
0 0.571094 0.815416 0.023438 0.101420
0 0.550781 0.817444 0.023438 0.089249
0 0.352344 0.895538 0.045312 0.119675
0 0.360938 0.815416 0.018750 0.060852
0 0.331250 0.840771 0.025000 0.099391
0 0.246094 0.813387 0.032813 0.113590
0 0.208594 0.807302 0.023438 0.101420
0 0.380469 0.861055 0.039062 0.115619
0 0.069531 0.744422 0.017188 0.077079
2 0.267188 0.710953 0.046875 0.046653
0 0.108594 0.780933 0.026562 0.077079
0 0.008594 0.748479 0.010937 0.020284
1 0.138281 0.749493 0.020313 0.030426
0 0.139844 0.801217 0.154688 0.150101
