2 0.512000 0.403750 0.080000 0.057500
2 0.444000 0.415000 0.064000 0.055000
2 0.631000 0.401250 0.038000 0.032500
2 0.555000 0.396250 0.046000 0.052500
0 0.322000 0.572500 0.248000 0.520000
0 0.160000 0.481250 0.140000 0.352500
0 0.921000 0.416250 0.038000 0.117500
0 0.855000 0.398750 0.034000 0.087500
0 0.700000 0.555000 0.144000 0.360000
0 0.783000 0.416250 0.054000 0.112500
0 0.888000 0.413750 0.036000 0.122500
2 0.643000 0.387500 0.030000 0.025000
2 0.589000 0.391250 0.038000 0.042500
4 0.694000 0.378750 0.052000 0.072500
0 0.757000 0.388750 0.006000 0.037500
