2 0.583594 0.413542 0.060937 0.068750
3 0.333594 0.550000 0.389062 0.466667
3 0.696875 0.433333 0.096875 0.083333
0 0.379688 0.501042 0.221875 0.410417
0 0.285156 0.379167 0.045312 0.137500
0 0.714844 0.398958 0.017188 0.064583
0 0.274219 0.368750 0.014063 0.037500
0 0.500000 0.401042 0.012500 0.039583
0 0.689844 0.407292 0.042188 0.072917
0 0.761719 0.416667 0.026562 0.079167
0 0.847656 0.422917 0.017188 0.058333
0 0.244531 0.445833 0.067187 0.220833
0 0.915625 0.423958 0.015625 0.064583
0 0.542969 0.398958 0.029687 0.097917
