3 0.239063 0.790795 0.375000 0.393305
3 0.963281 0.612971 0.048438 0.121339
0 0.231250 0.776151 0.184375 0.447699
0 0.909375 0.663180 0.081250 0.297071
0 0.817187 0.627615 0.053125 0.234310
0 0.147656 0.609833 0.048438 0.194561
0 0.889844 0.530335 0.029687 0.064854
0 0.914062 0.513598 0.018750 0.023013
0 0.935937 0.550209 0.025000 0.037657
0 0.850000 0.639121 0.068750 0.265690
2 0.960938 0.539749 0.078125 0.092050
0 0.926562 0.510460 0.015625 0.020921
0 0.075781 0.682008 0.073438 0.054393
0 0.992188 0.603556 0.015625 0.123431
5 0.475000 0.560669 0.640625 0.460251
