4 0.769531 0.772917 0.460938 0.425000
0 0.308594 0.836458 0.048438 0.102083
0 0.514844 0.871875 0.026562 0.164583
0 0.703125 0.751042 0.021875 0.027083
0 0.697656 0.763542 0.029687 0.035417
0 0.708594 0.746875 0.014063 0.022917
5 0.263281 0.639583 0.523438 0.704167
0 0.763281 0.768750 0.017188 0.020833
0 0.875000 0.765625 0.021875 0.027083
0 0.942187 0.761458 0.018750 0.039583
0 0.228906 0.823958 0.057813 0.189583
0 0.850000 0.768750 0.018750 0.033333
0 0.739844 0.726042 0.010937 0.027083
0 0.685937 0.767708 0.018750 0.035417
0 0.738281 0.748958 0.020313 0.035417
0 0.582031 0.840625 0.335938 0.147917
