2 0.444531 0.483568 0.023438 0.032864
2 0.463281 0.483568 0.020313 0.018779
2 0.415625 0.484742 0.025000 0.030516
0 0.514844 0.519953 0.064062 0.110329
0 0.539062 0.475352 0.028125 0.039906
0 0.912500 0.501174 0.046875 0.133803
0 0.275781 0.489437 0.010937 0.039906
0 0.264844 0.482394 0.007812 0.030516
0 0.693750 0.475352 0.012500 0.030516
0 0.709375 0.484742 0.012500 0.039906
3 0.886719 0.620892 0.226562 0.232394
3 0.515625 0.578638 0.071875 0.110329
3 0.679688 0.545775 0.065625 0.133803
3 0.783594 0.604460 0.073438 0.143192
3 0.011719 0.523474 0.023438 0.061033
3 0.029687 0.510563 0.040625 0.077465
3 0.064844 0.509390 0.057813 0.065728
3 0.094531 0.511737 0.026562 0.051643
3 0.635938 0.521127 0.046875 0.093897
3 0.629687 0.511737 0.040625 0.079812
0 0.046875 0.477700 0.015625 0.035211
3 0.183594 0.503521 0.051562 0.058685
0 0.185938 0.500000 0.028125 0.065728
0 0.125781 0.471831 0.014063 0.023474
3 0.653906 0.536385 0.045312 0.100939
3 0.815625 0.566901 0.175000 0.166667
3 0.445312 0.546948 0.706250 0.239437
