0 0.733000 0.885333 0.038000 0.144000
0 0.568000 0.904000 0.032000 0.144000
0 0.499000 0.905333 0.034000 0.146667
0 0.469000 0.908000 0.034000 0.141333
0 0.426000 0.908000 0.040000 0.141333
0 0.283000 0.900000 0.018000 0.029333
0 0.621000 0.896000 0.030000 0.149333
0 0.663000 0.890667 0.034000 0.149333
0 0.591000 0.862667 0.022000 0.066667
0 0.529000 0.853333 0.022000 0.048000
0 0.359000 0.800000 0.010000 0.032000
0 0.934000 0.846667 0.020000 0.040000
0 0.132000 0.910667 0.020000 0.034667
0 0.502000 0.854667 0.992000 0.274667
