2 0.563281 0.367318 0.079687 0.047486
2 0.967187 0.370112 0.065625 0.041899
2 0.625781 0.276536 0.067187 0.055866
4 0.282031 0.664804 0.360938 0.139665
0 0.410156 0.655028 0.014063 0.030726
0 0.391406 0.659218 0.007812 0.016760
0 0.374219 0.655028 0.010937 0.019553
0 0.337500 0.653631 0.009375 0.027933
0 0.328906 0.655028 0.007812 0.025140
0 0.309375 0.655028 0.006250 0.019553
0 0.210156 0.649441 0.007812 0.025140
2 0.915625 0.269553 0.056250 0.036313
0 0.198437 0.655028 0.009375 0.019553
0 0.364844 0.655028 0.010937 0.025140
0 0.321875 0.653631 0.012500 0.027933
0 0.383594 0.656425 0.007812 0.022346
2 0.678906 0.279330 0.032813 0.027933
2 0.714844 0.266760 0.023438 0.030726
0 0.153125 0.655028 0.021875 0.036313
2 0.553125 0.282123 0.015625 0.044693
0 0.161719 0.655028 0.010937 0.036313
0 0.242188 0.655028 0.018750 0.036313
