3 0.372656 0.532292 0.239063 0.235417
0 0.616406 0.598958 0.073438 0.252083
0 0.509375 0.625000 0.103125 0.220833
0 0.391406 0.447917 0.045312 0.083333
0 0.349219 0.441667 0.035937 0.104167
0 0.240625 0.471875 0.059375 0.281250
0 0.172656 0.459375 0.032813 0.139583
0 0.329688 0.475000 0.025000 0.041667
0 0.237500 0.494792 0.093750 0.235417
0 0.303906 0.461458 0.029687 0.043750
0 0.214062 0.364583 0.031250 0.054167
0 0.185156 0.373958 0.020313 0.043750
0 0.138281 0.445833 0.048438 0.183333
0 0.025781 0.404167 0.051562 0.129167
0 0.291406 0.422917 0.576562 0.158333
