2 0.398958 0.872656 0.068750 0.051562
2 0.569792 0.876563 0.118750 0.046875
2 0.704167 0.872656 0.116667 0.057813
0 0.779167 0.924219 0.079167 0.148438
0 0.340625 0.861719 0.027083 0.029687
0 0.366667 0.872656 0.025000 0.054688
0 0.843750 0.914062 0.083333 0.143750
0 0.927083 0.882031 0.029167 0.064062
0 0.106250 0.880469 0.025000 0.035937
0 0.354167 0.889844 0.016667 0.054688
0 0.295833 0.888281 0.033333 0.064062
0 0.451042 0.871875 0.018750 0.056250
0 0.627083 0.872656 0.020833 0.051562
2 0.047917 0.877344 0.087500 0.045312
2 0.118750 0.859375 0.062500 0.015625
0 0.468750 0.871875 0.016667 0.059375
2 0.823958 0.871094 0.089583 0.042188
5 0.214583 0.881250 0.141667 0.071875
0 0.318750 0.871094 0.025000 0.064062
5 0.920833 0.872656 0.058333 0.070312
