1 0.960000 0.936937 0.072000 0.084084
1 0.692000 0.899399 0.024000 0.045045
0 0.677000 0.884384 0.022000 0.081081
0 0.333000 0.875375 0.018000 0.057057
0 0.270000 0.902402 0.020000 0.081081
0 0.226000 0.855856 0.008000 0.036036
0 0.662000 0.882883 0.012000 0.078078
0 0.253000 0.888889 0.018000 0.078078
0 0.288000 0.897898 0.020000 0.096096
0 0.908000 0.899399 0.036000 0.117117
0 0.943000 0.879880 0.022000 0.066066
2 0.929000 0.891892 0.014000 0.054054
1 0.626000 0.894895 0.044000 0.054054
1 0.239000 0.914414 0.022000 0.045045
2 0.849000 0.885886 0.134000 0.120120
2 0.973000 0.887387 0.050000 0.057057
0 0.307000 0.885886 0.014000 0.048048
0 0.201000 0.893393 0.014000 0.093093
5 0.848000 0.884384 0.128000 0.111111
1 0.769000 0.894895 0.030000 0.048048
0 0.928000 0.857357 0.012000 0.021021
